5 0.770703125 0.14096707818930043 0.0246484375 0.023930041152263375
5 0.77046875 0.17783950617283953 0.02294921875 0.02613168724279835
5 0.8031640625 0.18409465020576132 0.02046875 0.024588477366255142
5 0.55330078125 0.30779835390946503 0.0275390625 0.02676954732510288
5 0.5518359375 0.4072427983539094 0.029453125 0.03022633744855967
5 0.473984375 0.48901234567901236 0.02103515625 0.018353909465020576
5 0.4683984375 0.5017489711934157 0.02078125 0.016275720164609053
5 0.5041015625 0.5052674897119341 0.01994140625 0.02123456790123457
5 0.32142578125 0.4805761316872428 0.02115234375 0.024670781893004114
5 0.559453125 0.7499794238683127 0.0322265625 0.02742798353909465
0 0.138671875 0.46296296296296297 0.03775390625 0.8271604938271605
0 0.53841796875 0.8628189300411522 0.83462890625 0.030185185185185186