5 0.25252100840336134 0.53271875 0.019054621848739496 0.028375
5 0.23602941176470588 0.59571875 0.020021008403361344 0.02809375
5 0.2427310924369748 0.657375 0.015357142857142856 0.0283125
5 0.2665336134453782 0.65284375 0.01945378151260504 0.027500000000000004
5 0.26785714285714285 0.6390625 0.021050420168067227 0.02640625
5 0.2714285714285714 0.62196875 0.017563025210084033 0.020624999999999998
5 0.2732563025210084 0.5498125 0.01800420168067227 0.031
5 0.3335924369747899 0.50221875 0.02092436974789916 0.032125
5 0.3158613445378151 0.52071875 0.019432773109243698 0.026500000000000003
5 0.3000840336134454 0.5469375000000001 0.019705882352941177 0.028437499999999998
5 0.30052521008403366 0.57821875 0.02058823529411765 0.023125
5 0.32846638655462185 0.5810625 0.017079831932773112 0.027250000000000003
5 0.3142857142857143 0.5959375 0.016281512605042018 0.02853125
5 0.29985294117647054 0.6001562500000001 0.018298319327731093 0.01959375
5 0.30105042016806727 0.6237812500000001 0.014306722689075629 0.02446875
5 0.30945378151260505 0.62684375 0.014285714285714285 0.0280625
5 0.32100840336134456 0.62615625 0.013865546218487394 0.0241875
5 0.3332352941176471 0.63528125 0.01672268907563025 0.02809375
5 0.32449579831932773 0.6506875 0.01579831932773109 0.02203125
5 0.34285714285714286 0.6484062500000001 0.01472689075630252 0.0268125
5 0.3080042016806723 0.6574687499999999 0.0176890756302521 0.0249375
5 0.28558823529411764 0.67484375 0.016659663865546216 0.02340625
5 0.2915546218487395 0.68128125 0.01686974789915966 0.02190625
5 0.28214285714285714 0.69640625 0.01888655462184874 0.02409375
5 0.3164495798319328 0.68321875 0.01653361344537815 0.02271875
5 0.3203151260504202 0.69990625 0.01901260504201681 0.02353125
5 0.3372689075630252 0.7145312500000001 0.014684873949579832 0.029656250000000002
5 0.34819327731092437 0.71675 0.016260504201680674 0.0351875
5 0.2913445378151261 0.740125 0.01880252100840336 0.026500000000000003
5 0.276827731092437 0.75325 0.018760504201680673 0.027750000000000004
5 0.27151260504201685 0.71965625 0.01741596638655462 0.0243125
5 0.25529411764705884 0.7255625 0.016596638655462185 0.021718750000000002
5 0.24701680672268908 0.70721875 0.01899159663865546 0.0225625
5 0.23512605042016807 0.76134375 0.01899159663865546 0.02396875
5 0.23058823529411765 0.74353125 0.017478991596638654 0.0233125
5 0.2322689075630252 0.7241875 0.01831932773109244 0.024
5 0.2248529411764706 0.7011875 0.016281512605042018 0.026718750000000003
5 0.21350840336134452 0.6863125 0.015672268907563024 0.021374999999999998
5 0.20773109243697477 0.705125 0.015021008403361345 0.02559375
5 0.18476890756302522 0.6993125 0.01407563025210084 0.026125
5 0.20123949579831935 0.72059375 0.015189075630252102 0.0174375
5 0.19752100840336134 0.7321875 0.018970588235294118 0.01878125
5 0.19130252100840336 0.7459687500000001 0.01365546218487395 0.0198125
5 0.18329831932773108 0.7576562499999999 0.016176470588235296 0.025343749999999998
5 0.1674579831932773 0.76021875 0.015588235294117648 0.03421875
5 0.2507142857142857 0.78825 0.021176470588235293 0.027750000000000004
5 0.3754201680672269 0.68025 0.01764705882352941 0.02053125
5 0.3848949579831933 0.6564375 0.01644957983193277 0.02484375
5 0.366281512605042 0.6596875 0.01745798319327731 0.021875
5 0.3701680672268907 0.6381875 0.019600840336134455 0.02078125
5 0.3653571428571428 0.6166875 0.015567226890756302 0.022093750000000002
5 0.3750840336134454 0.61378125 0.01661764705882353 0.021281249999999998
5 0.3722478991596639 0.5899375 0.018445378151260503 0.02375
5 0.39672268907563024 0.599875 0.01699579831932773 0.0235
5 0.39201680672268907 0.6105937499999999 0.019327731092436972 0.025718750000000002
5 0.39132352941176474 0.56471875 0.019180672268907566 0.026937499999999996
5 0.44228991596638656 0.5644375 0.01901260504201681 0.031968750000000004
5 0.3890756302521008 0.5234375 0.0201890756302521 0.027500000000000004
5 0.3797268907563025 0.5331875 0.019936974789915966 0.028218749999999997
5 0.4157563025210084 0.5043124999999999 0.01972689075630252 0.027968749999999997
5 0.4259873949579832 0.4908125 0.020021008403361344 0.025968750000000002
5 0.4064915966386555 0.4581875 0.018865546218487395 0.029906250000000002
5 0.5083823529411765 0.46165625 0.01930672268907563 0.02953125
5 0.5264915966386555 0.47006249999999994 0.0205672268907563 0.030093750000000002
5 0.5425000000000001 0.48575 0.017962184873949582 0.0315
5 0.46214285714285713 0.41478125 0.02260504201680672 0.026437500000000003
5 0.4611554621848739 0.38628125 0.02273109243697479 0.025062499999999998
5 0.49443277310924366 0.42024999999999996 0.019117647058823527 0.028625
5 0.5117647058823529 0.41237500000000005 0.021050420168067227 0.03159375
5 0.5345588235294118 0.40756249999999994 0.020357142857142855 0.0295
5 0.5565756302521009 0.37390625 0.020714285714285713 0.0315625
5 0.5172899159663865 0.3500625 0.022373949579831933 0.03075
5 0.5942016806722689 0.40328125000000004 0.026785714285714284 0.03565625
5 0.6245588235294118 0.38478124999999996 0.025672268907563026 0.029312500000000002
5 0.6891596638655463 0.303875 0.023823529411764705 0.03178125
5 0.7111344537815126 0.32937500000000003 0.018487394957983194 0.026218750000000002
5 0.7097899159663866 0.3623125 0.02128151260504202 0.029625000000000002
5 0.6927521008403361 0.46128125000000003 0.021617647058823526 0.0338125
5 0.660672268907563 0.48178124999999994 0.024705882352941175 0.029187499999999998
5 0.7473529411764706 0.41937499999999994 0.020777310924369748 0.03
5 0.7948109243697479 0.332875 0.022815126050420166 0.03078125
5 0.8823949579831932 0.23390624999999998 0.022478991596638655 0.03334375
5 0.9165336134453781 0.37828125 0.02699579831932773 0.0375
5 0.4738235294117647 0.54909375 0.020630252100840338 0.031093749999999996
5 0.49531512605042016 0.5780937500000001 0.02008403361344538 0.03234375
5 0.5215966386554622 0.5889375 0.023445378151260503 0.0350625
5 0.7345588235294117 0.33146875 0.021911764705882353 0.03234375
0 0.12128151260504201 0.48793749999999997 0.015273109243697479 0.6860937500000001
0 0.5423949579831933 0.8267187500000001 0.8384243697478991 0.0255625