8 0.1064766081871345 0.040350000000000004 0.06432748538011696 0.05485
6 0.12828947368421054 0.37432499999999996 0.04214912280701754 0.5395
6 0.22076023391812866 0.382025 0.04434210526315789 0.534075
6 0.31115497076023396 0.389525 0.04483918128654971 0.51575
6 0.9480994152046783 0.43174999999999997 0.04580409356725146 0.424825
6 0.40266081871345033 0.395775 0.045073099415204675 0.50325
6 0.49378654970760233 0.40015 0.04214912280701754 0.49115000000000003
6 0.5830847953216374 0.4064 0.042880116959064324 0.47865
6 0.6755555555555556 0.41350000000000003 0.045073099415204675 0.467825
6 0.7671783625730995 0.420575 0.04312865497076023 0.457
6 0.856842105263158 0.42515000000000003 0.047032163742690064 0.44115000000000004
0 0.07967836257309942 0.38022500000000004 0.01850877192982456 0.587675
2 0.1296345029239766 0.7434499999999999 0.027777777777777776 0.0944
2 0.22002923976608188 0.810575 0.030219298245614038 0.2297
2 0.31030701754385964 0.78035 0.02752923976608187 0.1693
2 0.4016812865497076 0.7824500000000001 0.025102339181286553 0.17345
2 0.49317251461988304 0.7405750000000001 0.024853801169590642 0.086375
2 0.5850438596491229 0.798425 0.027295321637426904 0.204325
2 0.6771491228070176 0.8125749999999999 0.0360672514619883 0.23265
2 0.7668128654970761 0.7979999999999999 0.030219298245614038 0.195175
2 0.8589181286549707 0.779875 0.029239766081871343 0.171425
2 0.9485818713450292 0.7763500000000001 0.03314327485380117 0.16852499999999998