5 0.6797872340425531 0.08706093189964158 0.032680851063829786 0.05354838709677419
5 0.6539148936170213 0.1142652329749104 0.027382978723404252 0.052544802867383514
5 0.625063829787234 0.14053763440860215 0.0354468085106383 0.056236559139784946
5 0.5983829787234043 0.19340501792114695 0.026553191489361704 0.05444444444444444
5 0.5682127659574469 0.22172043010752687 0.033914893617021276 0.04913978494623656
5 0.5408723404255319 0.24974910394265235 0.027595744680851065 0.049856630824372763
5 0.48431914893617023 0.24598566308243727 0.026680851063829784 0.04559139784946237
5 0.4551063829787234 0.2766308243727599 0.028191489361702127 0.05146953405017921
5 0.4013404255319149 0.35541218637992833 0.03285106382978723 0.05591397849462366
5 0.34400000000000003 0.513942652329749 0.031595744680851065 0.05770609318996416
0 0.12340425531914893 0.457347670250896 0.02893617021276596 0.8888888888888888
0 0.4757446808510638 0.9046594982078853 0.7029787234042553 0.03727598566308244
3 0.9310638297872341 0.5046594982078854 0.12255319148936171 0.06308243727598567