5 0.8291038696537678 0.09316176470588235 0.024338085539714865 0.028357843137254903
5 0.9314256619144603 0.2551470588235294 0.023075356415478615 0.030980392156862747
5 0.5515885947046842 0.0788970588235294 0.019226069246435846 0.027058823529411764
5 0.35727087576374744 0.1836764705882353 0.02209775967413442 0.02693627450980392
5 0.4679837067209776 0.23600490196078433 0.028533604887983708 0.03355392156862745
5 0.5817107942973524 0.309485294117647 0.02063136456211813 0.030710784313725488
5 0.4761507128309572 0.3540686274509804 0.0245010183299389 0.02732843137254902
5 0.5984317718940937 0.5270343137254901 0.02466395112016293 0.030073529411764704
5 0.29820773930753564 0.4894362745098039 0.026171079429735233 0.031176470588235295
5 0.3989613034623218 0.5269607843137255 0.023991853360488796 0.029950980392156865
5 0.3838085539714867 0.6272058823529412 0.02309572301425662 0.031642156862745095
5 0.21824847250509163 0.49823529411764705 0.020122199592668026 0.02696078431372549
5 0.1979633401221996 0.5779901960784314 0.020264765784114052 0.02583333333333333
5 0.14425661914460286 0.6462745098039215 0.023727087576374747 0.02889705882352941
5 0.2910590631364562 0.682156862745098 0.02315682281059063 0.024460784313725493
5 0.18625254582484727 0.6961519607843136 0.01608961303462322 0.02178921568627451
5 0.15374745417515273 0.7373529411764705 0.018981670061099798 0.020465686274509804
5 0.19773930753564156 0.7179411764705883 0.016985743380855397 0.01838235294117647
5 0.18832993890020366 0.7386274509803922 0.011995926680244398 0.013063725490196078
5 0.18364562118126274 0.7448774509803923 0.012871690427698574 0.01323529411764706
5 0.20291242362525458 0.7562254901960784 0.01484725050916497 0.015441176470588234
5 0.1930142566191446 0.765 0.013564154786150712 0.014852941176470588
5 0.17824847250509165 0.7754411764705882 0.012769857433808552 0.015220588235294118
5 0.18765784114052952 0.7834068627450981 0.014175152749490836 0.015318627450980392
5 0.15759674134419552 0.7695833333333334 0.014786150712830957 0.017549019607843136
5 0.13949083503054988 0.795906862745098 0.017046843177189408 0.018627450980392157
5 0.23409368635437883 0.8724019607843138 0.01680244399185336 0.01852941176470588
0 0.5504887983706721 0.9083088235294117 0.8685743380855397 0.028823529411764706
0 0.11621181262729124 0.4728921568627451 0.021568228105906313 0.8563970588235295