5 0.3206971677559913 0.055068493150684926 0.03137254901960784 0.044931506849315066
5 0.5163398692810458 0.19410958904109588 0.02843137254901961 0.04246575342465753
5 0.8936165577342048 0.1943150684931507 0.027712418300653595 0.042910958904109585
5 0.7111764705882353 0.2616438356164384 0.030065359477124184 0.04708904109589041
5 0.7650980392156863 0.3314041095890411 0.025904139433551198 0.049589041095890414
5 0.7210675381263617 0.3318150684931507 0.02496732026143791 0.04722602739726027
5 0.6443572984749455 0.40167808219178086 0.027189542483660133 0.05315068493150685
5 0.43960784313725493 0.26499999999999996 0.030566448801742918 0.040787671232876715
5 0.4833769063180828 0.331541095890411 0.026819172113289762 0.04664383561643835
5 0.5368409586056645 0.4018150684931507 0.034161220043572985 0.050205479452054794
5 0.3630718954248366 0.40565068493150686 0.03727668845315904 0.04157534246575342
5 0.40819172113289764 0.5411986301369863 0.029978213507625272 0.04845890410958904
5 0.27790849673202617 0.611986301369863 0.03501089324618736 0.049794520547945205
5 0.4079302832244009 0.7511643835616438 0.03154684095860567 0.050924657534246576
5 0.6032244008714597 0.6107534246575342 0.027908496732026146 0.044109589041095895
5 0.5683660130718954 0.6775342465753424 0.030806100217864923 0.0536986301369863
5 0.79640522875817 0.4729109589041096 0.02832244008714597 0.045616438356164385
5 0.8286710239651417 0.6147945205479453 0.026470588235294117 0.04886986301369863
5 0.9373638344226579 0.6119178082191781 0.028082788671023966 0.04643835616438356
0 0.07080610021786492 0.4744520547945205 0.03087145969498911 0.8547260273972603
0 0.5078867102396514 0.8925342465753425 0.87599128540305 0.04708904109589041