5 0.8593805309734512 0.09380859375 0.0404424778761062 0.02611328125
5 0.8082300884955752 0.1628515625 0.03480825958702065 0.02404296875
5 0.7524188790560472 0.16349609375 0.038259587020648966 0.022265625
5 0.703716814159292 0.23271484375 0.03436578171091446 0.0245703125
5 0.6474926253687315 0.23259765625 0.04008849557522124 0.024375
5 0.5958702064896755 0.3026953125 0.03651917404129794 0.02234375
5 0.5451032448377581 0.40732421875 0.03625368731563421 0.021328125
5 0.4410029498525074 0.44201171875 0.03365781710914454 0.02166015625
5 0.3881120943952802 0.511484375 0.032182890855457225 0.0214453125
5 0.3361946902654867 0.65013671875 0.03572271386430678 0.0204296875
5 0.2833628318584071 0.685390625 0.035929203539823006 0.0218359375
5 0.23221238938053096 0.754609375 0.03643067846607669 0.02115234375
0 0.17699115044247787 0.4743359375 0.042153392330383475 0.9430859375
0 0.5657522123893806 0.93400390625 0.7943657817109145 0.029296875