8 0.15081206496519722 0.040350000000000004 0.09280742459396751 0.05485
0 0.1139907192575406 0.389925 0.03928074245939675 0.617125
2 0.17983758700696056 0.8230249999999999 0.04341067285382831 0.198825
2 0.3025986078886311 0.8247 0.04092807424593967 0.20885
2 0.42709976798143856 0.802375 0.041856148491879346 0.163175
2 0.5542227378190255 0.7618 0.03566125290023202 0.08735
2 0.6794663573085847 0.80155 0.045568445475638056 0.16149999999999998
2 0.803016241299304 0.7596250000000001 0.03721577726218097 0.074975
2 0.9262645011600928 0.7951999999999999 0.03566125290023202 0.15414999999999998
6 0.9276566125290023 0.61815 0.06324825986078887 0.109125
6 0.8036426914153132 0.467825 0.06324825986078887 0.40712499999999996
6 0.6783758700696055 0.504725 0.060765661252900234 0.330625
6 0.551740139211137 0.3883 0.05860788863109049 0.568825
6 0.17812064965197213 0.513925 0.061693735498839906 0.31225
6 0.30074245939675176 0.5687 0.06201856148491879 0.20800000000000002
6 0.42756380510440833 0.424375 0.06139211136890951 0.493975