5 0.30687370600414077 0.2101779359430605 0.02236024844720497 0.04544483985765124
5 0.36614906832298133 0.21587188612099642 0.02459627329192547 0.05405693950177936
5 0.42028985507246375 0.28686832740213525 0.026211180124223604 0.03494661921708185
5 0.4771014492753623 0.3120284697508897 0.021904761904761906 0.03807829181494662
5 0.5374948240165631 0.30704626334519575 0.02474120082815735 0.04476868327402135
5 0.5905383022774328 0.35010676156583626 0.02577639751552795 0.044733096085409256
5 0.6506418219461697 0.40647686832740215 0.019979296066252587 0.038042704626334516
5 0.7068322981366459 0.408220640569395 0.025714285714285714 0.04160142348754448
5 0.7647619047619048 0.4555160142348754 0.02360248447204969 0.04729537366548042
5 0.8209109730848861 0.5035231316725979 0.02279503105590062 0.04608540925266904
0 0.25010351966873706 0.42846975088967976 0.01821946169772257 0.7629893238434164
0 0.586335403726708 0.7957295373665481 0.6906832298136646 0.028469750889679714