6 0.1345777027027027 0.429525 0.04954391891891892 0.445725
6 0.23577702702702705 0.435775 0.0520777027027027 0.43322499999999997
6 0.3358614864864865 0.6180749999999999 0.052364864864864864 0.06865
6 0.4386317567567568 0.59015 0.04954391891891892 0.12115000000000001
6 0.5381418918918919 0.385775 0.04869932432432432 0.533225
6 0.6389358108108109 0.5414 0.04758445945945946 0.215325
6 0.7412668918918919 0.529525 0.052364864864864864 0.24572500000000003
6 0.8406587837837838 0.377875 0.05405405405405406 0.5424
6 0.9408783783783784 0.526625 0.05180743243243244 0.24825
2 0.13527027027027028 0.7430249999999999 0.025625 0.08522500000000001
2 0.23297297297297295 0.816725 0.035185810810810805 0.240975
2 0.33783783783783783 0.75595 0.028158783783783788 0.119375
2 0.4398986486486487 0.736175 0.026739864864864866 0.07565000000000001
2 0.5391385135135135 0.741575 0.030962837837837834 0.09482499999999999
2 0.6427364864864865 0.7803 0.03547297297297297 0.16394999999999998
2 0.7432432432432432 0.7803 0.028158783783783788 0.16394999999999998
2 0.842347972972973 0.793425 0.034915540540540545 0.19435
2 0.9427027027027027 0.7432500000000001 0.03011824324324324 0.09815
8 0.11246621621621622 0.04535 0.07572635135135135 0.06485
0 0.0816385135135135 0.374375 0.024780405405405406 0.58935