6 0.16820702402957485 0.36162500000000003 0.06530499075785581 0.51825
6 0.29698706099815153 0.375175 0.06408502772643254 0.491175
6 0.4209796672828096 0.38685 0.06253234750462107 0.4645
6 0.5497597042513863 0.401 0.061312384473197784 0.44284999999999997
6 0.67637707948244 0.41245 0.06192236598890943 0.419925
6 0.8016081330868762 0.42205 0.06284658040665435 0.397425
6 0.928373382624769 0.433725 0.06068391866913123 0.37075
2 0.9297597042513863 0.7289 0.03820702402957486 0.12635
2 0.8019038817005545 0.75495 0.041275415896487984 0.178425
2 0.6771349353049907 0.738075 0.03820702402957486 0.14135
2 0.5492975970425139 0.75225 0.041275415896487984 0.16302499999999998
2 0.4248243992606285 0.706825 0.043752310536044364 0.07885
2 0.2956007393715342 0.7966249999999999 0.046524953789279115 0.261775
2 0.1712939001848429 0.7862 0.051756007393715345 0.240925
8 0.13493530499075784 0.0416 0.08502772643253234 0.065675
0 0.10412199630314233 0.364375 0.023419593345656194 0.5560499999999999