6 0.18800403225806453 0.3608 0.07358870967741936 0.5166
6 0.3336693548387097 0.382675 0.07258064516129033 0.47285
6 0.4815120967741936 0.401 0.07258064516129033 0.44284999999999997
6 0.6263508064516129 0.41975 0.07324596774193548 0.40535
6 0.7733467741935484 0.43955 0.07493951612903225 0.36575
6 0.9168346774193549 0.45537500000000003 0.07292338709677419 0.33075000000000004
2 0.9202016129032259 0.7519750000000001 0.03931451612903226 0.17395
2 0.7726814516129032 0.784875 0.046713709677419356 0.231425
2 0.6302016129032257 0.783425 0.04401209677419354 0.24100000000000002
2 0.4801814516129032 0.73075 0.04300403225806451 0.12315
2 0.33669354838709675 0.7969499999999999 0.045020161290322575 0.2639
2 0.18935483870967743 0.7076250000000001 0.035947580645161285 0.089425
8 0.1502016129032258 0.039725 0.08199596774193549 0.0661
0 0.11173387096774194 0.363125 0.029899193548387097 0.5752