5 0.3009148936170213 0.22957110609480813 0.04074468085106383 0.04049661399548533
5 0.3140425531914893 0.2962076749435666 0.04648936170212766 0.03939051918735891
5 0.18746808510638296 0.41600451467268623 0.04070212765957447 0.038306997742663655
5 0.26385106382978724 0.5998194130925508 0.04506382978723404 0.044920993227990966
5 0.17355319148936169 0.6848758465011286 0.041829787234042556 0.03821670428893905
5 0.1586808510638298 0.7336794582392776 0.03985106382978724 0.03738148984198645
5 0.19993617021276597 0.7432731376975169 0.03814893617021276 0.038668171557562074
5 0.2074255319148936 0.7912189616252822 0.04021276595744681 0.03126410835214447
5 0.22457446808510637 0.7786907449209932 0.034063829787234046 0.03139954853273138
5 0.2488936170212766 0.7630925507900678 0.04168085106382979 0.03347629796839729
5 0.23727659574468085 0.7160270880361174 0.041382978723404254 0.04049661399548533
5 0.28695744680851065 0.7025959367945824 0.04059574468085106 0.03668171557562077
5 0.3435957446808511 0.7884650112866818 0.03923404255319149 0.0381489841986456
5 0.3542127659574468 0.817607223476298 0.039680851063829785 0.037562076749435666
5 0.391 0.6046049661399548 0.04112765957446808 0.039097065462753954
5 0.43253191489361703 0.6326185101580135 0.041106382978723405 0.041399548532731374
5 0.44531914893617025 0.6696839729119639 0.03787234042553192 0.03993227990970655
5 0.46774468085106385 0.6843115124153498 0.034659574468085104 0.03853273137697517
5 0.48308510638297875 0.707020316027088 0.03574468085106383 0.04144469525959368
5 0.4561914893617021 0.8057336343115125 0.046021276595744676 0.04196388261851016
5 0.38029787234042556 0.6660045146726863 0.03782978723404255 0.03645598194130925
5 0.3281914893617021 0.5563656884875846 0.03614893617021276 0.03611738148984198
5 0.36851063829787234 0.5382618510158014 0.034 0.04212189616252822
5 0.2741702127659575 0.4662979683972912 0.047595744680851065 0.03776523702031603
5 0.40614893617021275 0.4620090293453724 0.04368085106382979 0.037358916478555305
5 0.4186595744680851 0.4040406320541761 0.04363829787234043 0.03905191873589165
5 0.509595744680851 0.48799097065462754 0.045446808510638294 0.0427313769751693
5 0.49391489361702123 0.5503837471783296 0.034574468085106384 0.04074492099322799
5 0.5228723404255319 0.5496839729119639 0.033 0.04196388261851016
5 0.5486808510638298 0.6421218961625281 0.046361702127659575 0.043747178329571104
5 0.5333404255319149 0.698058690744921 0.03557446808510638 0.03744920993227991
5 0.572468085106383 0.5919187358916479 0.03723404255319149 0.038103837471783294
5 0.6219148936170213 0.587923250564334 0.03597872340425532 0.035191873589164785
5 0.6355744680851064 0.5533182844243792 0.04038297872340425 0.03776523702031603
5 0.6605957446808511 0.5087810383747178 0.03974468085106383 0.035846501128668176
5 0.671595744680851 0.531196388261851 0.03119148936170213 0.03954853273137698
5 0.6999574468085107 0.5312641083521444 0.036000000000000004 0.0409706546275395
5 0.7224042553191489 0.5000451467268623 0.04029787234042553 0.03869074492099323
5 0.7377659574468085 0.4466139954853273 0.03899999999999999 0.03435665914221219
5 0.7495744680851064 0.3972911963882618 0.04155319148936171 0.04056433408577878
5 0.7881276595744681 0.44785553047404064 0.03719148936170213 0.039435665914221214
5 0.8396170212765958 0.314785553047404 0.03580851063829787 0.03941309255079007
5 0.9033404255319148 0.461489841986456 0.04136170212765958 0.04602708803611738
5 0.7768510638297872 0.5603837471783296 0.03819148936170213 0.03900677200902935
5 0.8018510638297872 0.5908803611738149 0.036127659574468084 0.04239277652370203
5 0.8776170212765958 0.5835440180586907 0.03938297872340426 0.04054176072234763
5 0.686936170212766 0.6644018058690745 0.04659574468085106 0.04094808126410835
5 0.6108936170212766 0.7792099322799098 0.036851063829787235 0.03882618510158013
5 0.5839574468085106 0.8306772009029345 0.03972340425531915 0.03936794582392777
5 0.5581063829787234 0.8421896162528216 0.04136170212765958 0.03553047404063205
5 0.6482127659574468 0.8414898419864559 0.039595744680851065 0.040090293453724606
5 0.7125744680851064 0.7728442437923251 0.04474468085106383 0.04275395033860045
5 0.7625957446808511 0.8048306997742665 0.041021276595744685 0.04015801354401806
5 0.8126595744680851 0.7897968397291196 0.03980851063829787 0.03954853273137698
5 0.8506382978723405 0.7421896162528218 0.038404255319148935 0.04045146726862303
5 0.8642340425531915 0.7023927765237021 0.04397872340425532 0.037539503386004515
5 0.8919148936170213 0.7467268623024831 0.036617021276595746 0.03916478555304741
5 0.9181276595744681 0.855056433408578 0.041957446808510636 0.04074492099322799
5 0.5986595744680852 0.14762979683972913 0.04725531914893617 0.04747178329571106
5 0.8281489361702128 0.07781038374717833 0.043893617021276594 0.04729119638826185
0 0.12102127659574469 0.4648758465011287 0.023936170212765957 0.8676749435665914
0 0.5365744680851063 0.8987133182844244 0.8497446808510638 0.022573363431151242