6 0.17767981438515082 0.433275 0.05761020881670533 0.49487499999999995
6 0.302784222737819 0.394325 0.060324825986078884 0.57115
6 0.4265197215777263 0.41452500000000003 0.060324825986078884 0.52405
6 0.5518097447795824 0.52015 0.0634106728538283 0.32280000000000003
6 0.6747795823665893 0.420575 0.06187935034802785 0.5153
6 0.8037587006960557 0.552225 0.060719257540603255 0.261975
6 0.9247795823665893 0.449325 0.06303944315545244 0.46447499999999997
2 0.9265197215777262 0.812625 0.04563805104408353 0.1589
2 0.8037587006960557 0.7961750000000001 0.04756380510440835 0.1293
2 0.6790487238979118 0.7805249999999999 0.047169373549883986 0.101875
2 0.5554988399071925 0.7724 0.043689095127610204 0.081475
2 0.4307888631090487 0.818425 0.04563805104408353 0.169325
2 0.3023897911832947 0.8361 0.05180974477958236 0.217225
2 0.17846867749419953 0.7848999999999999 0.03983758700696056 0.10644999999999999
8 0.15526682134570766 0.04075 0.10169373549883991 0.0557
0 0.11060324825986079 0.395225 0.030162412993039442 0.62265