5 0.14379746835443039 0.6591891891891892 0.027130801687763714 0.024504504504504507
5 0.25738396624472576 0.8279504504504505 0.02740506329113924 0.02891891891891892
5 0.3889873417721519 0.8442342342342342 0.028839662447257382 0.025675675675675677
5 0.4471729957805907 0.851891891891892 0.02917721518987342 0.025878378378378378
5 0.4629535864978903 0.8025 0.024662447257383965 0.02894144144144144
5 0.41689873417721524 0.7588288288288288 0.03438818565400844 0.02693693693693694
5 0.41770042194092827 0.7053153153153153 0.028248945147679325 0.0259009009009009
5 0.3956329113924051 0.6813513513513513 0.02278481012658228 0.019234234234234232
5 0.39356540084388186 0.6913963963963964 0.027742616033755274 0.021103603603603603
5 0.3618565400843882 0.6406081081081081 0.02757383966244726 0.026644144144144143
5 0.48061181434599154 0.5863963963963964 0.026434599156118142 0.024797297297297297
5 0.47265822784810124 0.612117117117117 0.03468354430379747 0.0243018018018018
5 0.43778481012658227 0.4890315315315315 0.024578059071729958 0.025563063063063062
5 0.5288185654008438 0.5282882882882883 0.023565400843881857 0.026981981981981984
5 0.5435021097046414 0.45684684684684684 0.025886075949367086 0.02448198198198198
5 0.5431434599156117 0.43655405405405406 0.029029535864978903 0.02657657657657658
5 0.5704008438818565 0.3936936936936937 0.02858649789029536 0.030675675675675675
5 0.610253164556962 0.40038288288288293 0.030485232067510547 0.022477477477477477
5 0.6067721518987342 0.4721171171171171 0.023459915611814344 0.026126126126126126
5 0.630168776371308 0.5092567567567567 0.02381856540084388 0.026081081081081082
5 0.6058438818565401 0.5587612612612612 0.02291139240506329 0.028716216216216218
5 0.5571097046413502 0.6072297297297298 0.023438818565400844 0.01831081081081081
5 0.5412447257383967 0.6281306306306306 0.015822784810126583 0.015698198198198197
5 0.5577004219409283 0.6252477477477478 0.020864978902953586 0.018063063063063062
5 0.5366033755274261 0.6427702702702702 0.017510548523206753 0.017522522522522524
5 0.5261392405063291 0.6495720720720721 0.01641350210970464 0.01988738738738739
5 0.5065611814345992 0.6297522522522523 0.021202531645569622 0.020855855855855854
5 0.6143881856540085 0.632454954954955 0.022046413502109702 0.021216216216216215
5 0.6363924050632911 0.5795045045045045 0.02088607594936709 0.0206981981981982
5 0.7310970464135021 0.5672522522522523 0.018734177215189874 0.022815315315315318
5 0.7435864978902953 0.6835810810810811 0.02132911392405063 0.01988738738738739
5 0.7722573839662448 0.6599549549549549 0.022552742616033756 0.02259009009009009
5 0.8079113924050633 0.6067117117117117 0.020063291139240505 0.018828828828828827
5 0.8413502109704641 0.5540765765765766 0.01940928270042194 0.020337837837837835
5 0.8778691983122363 0.5838738738738739 0.021160337552742613 0.0181981981981982
5 0.8798523206751055 0.6032657657657658 0.023438818565400844 0.020022522522522523
5 0.8188818565400844 0.5173873873873874 0.020063291139240505 0.021711711711711712
5 0.6981856540084388 0.515518018018018 0.020021097046413503 0.018896396396396398
5 0.709535864978903 0.5265315315315315 0.019767932489451474 0.01972972972972973
5 0.6629535864978903 0.4752252252252252 0.02208860759493671 0.019819819819819822
5 0.6221308016877637 0.4489864864864865 0.01810126582278481 0.01599099099099099
5 0.6281856540084388 0.46015765765765765 0.017468354430379744 0.01617117117117117
5 0.6328481012658228 0.4288063063063063 0.020569620253164556 0.019797297297297296
5 0.6629957805907173 0.401981981981982 0.017974683544303798 0.018873873873873875
5 0.6808438818565401 0.4032657657657658 0.021835443037974682 0.024121621621621625
5 0.7020464135021096 0.42 0.019978902953586498 0.017905405405405406
5 0.6988396624472574 0.44626126126126126 0.017531645569620256 0.01686936936936937
5 0.7027637130801688 0.43261261261261263 0.017362869198312238 0.017454954954954954
5 0.7151898734177216 0.4331981981981982 0.015654008438818565 0.018220720720720722
5 0.7171097046413503 0.4637387387387388 0.018185654008438818 0.018445945945945945
5 0.7152953586497891 0.37657657657657656 0.014556962025316457 0.014887387387387388
5 0.7231434599156118 0.36601351351351347 0.015759493670886075 0.015360360360360361
5 0.7058016877637131 0.3307657657657658 0.015822784810126583 0.017387387387387387
5 0.6320253164556962 0.3251801801801802 0.020147679324894516 0.01644144144144144
5 0.6715611814345992 0.29531531531531535 0.020738396624472574 0.020360360360360357
5 0.7024261603375527 0.2976351351351351 0.015822784810126583 0.017792792792792795
5 0.7257383966244726 0.301554054054054 0.016434599156118144 0.01885135135135135
5 0.746097046413502 0.29837837837837833 0.019620253164556962 0.021531531531531534
5 0.7571097046413502 0.3459684684684685 0.016940928270042194 0.023445945945945946
5 0.7869409282700421 0.3438963963963964 0.019451476793248948 0.016644144144144144
5 0.795253164556962 0.37581081081081086 0.019620253164556962 0.019189189189189187
5 0.7689029535864979 0.38272522522522523 0.01668776371308017 0.017252252252252253
5 0.7610548523206752 0.4011036036036036 0.013670886075949368 0.01617117117117117
5 0.7713291139240507 0.40601351351351356 0.01852320675105485 0.01608108108108108
5 0.8099156118143459 0.2672747747747748 0.020232067510548523 0.019707207207207207
5 0.7627426160337554 0.25506756756756754 0.018291139240506328 0.013265765765765766
5 0.7644725738396625 0.26619369369369367 0.022531645569620253 0.015698198198198197
5 0.7334599156118145 0.24756756756756756 0.014177215189873417 0.01855855855855856
5 0.7445147679324894 0.2477927927927928 0.017721518987341773 0.01903153153153153
5 0.6983966244725739 0.2568693693693694 0.0170253164556962 0.01824324324324324
5 0.7075105485232068 0.24864864864864866 0.019578059071729957 0.015765765765765764
5 0.7086286919831223 0.23509009009009008 0.020147679324894516 0.015360360360360361
5 0.7177426160337552 0.22666666666666666 0.018164556962025315 0.014166666666666666
5 0.6651898734177215 0.2542117117117117 0.018966244725738397 0.02105855855855856
5 0.6810548523206751 0.21272522522522525 0.01852320675105485 0.01900900900900901
5 0.7092616033755275 0.1970045045045045 0.01770042194092827 0.018783783783783783
5 0.7237130801687764 0.20572072072072073 0.01881856540084388 0.02
5 0.7661814345991561 0.17876126126126127 0.021202531645569622 0.020157657657657656
5 0.8024894514767933 0.2141216216216216 0.02018987341772152 0.02240990990990991
5 0.8231645569620253 0.19779279279279277 0.0220042194092827 0.020563063063063065
5 0.8774472573839663 0.174009009009009 0.022742616033755273 0.021013513513513514
5 0.5827215189873417 0.24036036036036035 0.01820675105485232 0.01768018018018018
5 0.5937552742616033 0.21641891891891893 0.020443037974683543 0.01975225225225225
5 0.6136919831223628 0.2170945945945946 0.02137130801687764 0.022454954954954958
5 0.5279113924050632 0.815427927927928 0.02978902953586498 0.03087837837837838
5 0.5786075949367089 0.770045045045045 0.0310126582278481 0.028986486486486485
5 0.6784599156118143 0.7476126126126126 0.02947257383966245 0.027094594594594592
5 0.679957805907173 0.7640315315315316 0.03789029535864979 0.032252252252252256
5 0.70084388185654 0.827972972972973 0.031413502109704644 0.03484234234234234
5 0.7987341772151899 0.7775 0.031223628691983123 0.028873873873873874
5 0.8089029535864979 0.8322297297297298 0.030147679324894514 0.031036036036036035
5 0.9605274261603376 0.6460585585585586 0.025421940928270045 0.03146396396396397
5 0.754198312236287 0.1088963963963964 0.018649789029535863 0.019346846846846847
5 0.7987974683544303 0.0699099099099099 0.017236286919831225 0.018378378378378378
5 0.7346835443037975 0.09301801801801801 0.018924050632911395 0.01722972972972973
5 0.7246413502109705 0.0804954954954955 0.019177215189873417 0.022274774774774776
5 0.7129746835443038 0.06220720720720721 0.021244725738396624 0.01831081081081081
5 0.6884388185654008 0.0665990990990991 0.024008438818565403 0.020675675675675676
5 0.6443459915611814 0.1197072072072072 0.026455696202531645 0.02024774774774775
0 0.10483122362869197 0.4560810810810811 0.027679324894514766 0.8755630630630631
0 0.5464135021097046 0.8889414414414414 0.9029535864978903 0.03238738738738739