5 0.1381335952848723 0.779746835443038 0.02066797642436149 0.034556962025316454
5 0.18939096267190572 0.737120253164557 0.02369351669941061 0.035031645569620254
5 0.1949901768172888 0.7812974683544304 0.023300589390962672 0.032974683544303794
5 0.22110019646365422 0.772753164556962 0.021198428290766208 0.030822784810126583
5 0.24223968565815324 0.6959493670886076 0.016620825147347744 0.028132911392405067
5 0.2589980353634578 0.6916455696202531 0.018133595284872298 0.030696202531645567
5 0.2537917485265226 0.7223417721518987 0.019469548133595284 0.029050632911392406
5 0.323811394891945 0.7063924050632912 0.023045186640471515 0.03689873417721519
5 0.39817288801571704 0.6175632911392406 0.02082514734774067 0.030632911392405062
5 0.42803536345776033 0.596993670886076 0.020962671905697446 0.02911392405063291
5 0.412475442043222 0.5577848101265822 0.02510805500982318 0.03686708860759494
5 0.46481335952848724 0.48243670886075946 0.01994106090373281 0.037056962025316456
5 0.4999803536345776 0.49443037974683546 0.02432220039292731 0.03313291139240507
5 0.5472691552062868 0.35287974683544304 0.02520628683693517 0.03693037974683544
5 0.5954027504911591 0.2722784810126582 0.02143418467583497 0.029430379746835444
5 0.5963261296660117 0.304746835443038 0.021532416502946957 0.032341772151898734
5 0.6229273084479371 0.35955696202531645 0.019214145383104123 0.030696202531645567
5 0.6299803536345776 0.3907911392405063 0.018290766208251475 0.03537974683544304
5 0.6973870333988212 0.2807278481012658 0.027917485265225934 0.039905063291139235
5 0.8547937131630647 0.1267405063291139 0.027721021611001963 0.039240506329113925
0 0.0812573673870334 0.4797151898734177 0.03392927308447937 0.85873417721519
0 0.5291159135559921 0.8810443037974685 0.9278388998035363 0.044588607594936706