5 0.8179303675048356 0.18148936170212765 0.016499032882011603 0.020378250591016545
5 0.839110251450677 0.18687943262411347 0.017408123791102514 0.021702127659574466
5 0.8479497098646035 0.20359338061465723 0.0183752417794971 0.024539007092198584
5 0.8320696324951644 0.2522695035460993 0.019709864603481623 0.025319148936170214
5 0.8145841392649903 0.30113475177304966 0.019439071566731143 0.026524822695035463
5 0.7541392649903288 0.3039716312056738 0.022823984526112187 0.02392434988179669
5 0.6393036750483558 0.39678486997635937 0.023365570599613153 0.028274231678487
5 0.4635396518375242 0.5366903073286052 0.01963249516441006 0.024302600472813237
5 0.5618375241779497 0.5421985815602837 0.02160541586073501 0.022364066193853428
5 0.5662282398452612 0.5995508274231679 0.021005802707930368 0.022316784869976358
5 0.4994197292069632 0.5949881796690307 0.01816247582205029 0.0208274231678487
5 0.4756286266924565 0.6038770685579197 0.019709864603481623 0.01971631205673759
5 0.4047388781431335 0.6038770685579197 0.018588007736943905 0.022836879432624115
5 0.4184332688588008 0.6649408983451536 0.020928433268858803 0.024137115839243502
5 0.5121470019342359 0.708274231678487 0.017582205029013538 0.026004728132387706
5 0.3876595744680851 0.732387706855792 0.02197292069632495 0.020070921985815605
5 0.3518955512572534 0.7081796690307328 0.020793036750483558 0.022316784869976358
5 0.4593423597678917 0.8254137115839243 0.018916827852998065 0.025981087470449173
5 0.41965183752417795 0.8557446808510639 0.024313346228239847 0.021914893617021276
0 0.10183752417794971 0.47976359338061464 0.026170212765957445 0.812127659574468
0 0.5330560928433269 0.8837352245862884 0.854468085106383 0.037541371158392435