5 0.310126582278481 0.10402597402597402 0.02042194092827004 0.025974025974025976
5 0.43525316455696206 0.1458116883116883 0.017362869198312238 0.0274025974025974
5 0.37240506329113926 0.19766233766233768 0.017278481012658227 0.0263961038961039
5 0.49883966244725736 0.20006493506493506 0.018881856540084386 0.02801948051948052
5 0.5621097046413502 0.2940584415584415 0.018755274261603377 0.029090909090909094
5 0.6252320675105486 0.24701298701298702 0.015210970464135021 0.03165584415584415
5 0.6882278481012659 0.2951623376623376 0.014535864978902953 0.029675324675324678
5 0.7513291139240507 0.48964285714285716 0.019324894514767932 0.028798701298701296
5 0.8132278481012659 0.5850324675324675 0.020654008438818563 0.029480519480519482
5 0.8772784810126582 0.5873376623376624 0.0210126582278481 0.02762987012987013
0 0.24675105485232066 0.4143181818181818 0.023839662447257385 0.7467532467532467
0 0.5939240506329113 0.7771103896103896 0.699873417721519 0.03811688311688312