5 0.25129032258064515 0.5764887640449438 0.025 0.03323033707865169
5 0.17205645161290323 0.6605337078651685 0.025403225806451612 0.031713483146067416
5 0.14338709677419356 0.6870224719101123 0.03125 0.03160112359550562
5 0.1978225806451613 0.7437078651685393 0.02215725806451613 0.03752808988764045
5 0.2241935483870968 0.7727808988764046 0.025483870967741937 0.03227528089887641
5 0.3818951612903226 0.7712359550561798 0.022358870967741935 0.027893258426966293
5 0.3330443548387097 0.7159269662921348 0.021471774193548388 0.027303370786516856
5 0.3039516129032258 0.6883707865168539 0.021310483870967744 0.033033707865168536
5 0.27804435483870965 0.6565730337078652 0.023689516129032258 0.03154494382022472
5 0.3568951612903226 0.6044943820224719 0.02715725806451613 0.03485955056179775
5 0.40838709677419355 0.7154213483146067 0.019576612903225807 0.03665730337078652
5 0.435383064516129 0.6880898876404494 0.01967741935483871 0.03379213483146067
5 0.4615524193548387 0.6874719101123595 0.01997983870967742 0.03379213483146067
5 0.4889314516129032 0.6599438202247191 0.026431451612903226 0.029241573033707866
5 0.5410080645161289 0.7155337078651685 0.02560483870967742 0.03297752808988764
5 0.5954637096774194 0.659185393258427 0.020201612903225804 0.02901685393258427
5 0.6494959677419354 0.7741011235955055 0.020504032258064516 0.03103932584269663
5 0.7274999999999999 0.7424719101123596 0.02844758064516129 0.0374438202247191
5 0.810282258064516 0.716685393258427 0.02622983870967742 0.03379213483146067
5 0.8625604838709677 0.6925 0.024475806451612906 0.03334269662921348
5 0.9132661290322581 0.6882303370786517 0.027923387096774194 0.037837078651685396
5 0.7803024193548387 0.35337078651685394 0.024596774193548384 0.028707865168539327
5 0.7535483870967742 0.3248876404494382 0.026310483870967745 0.029859550561797756
5 0.700766129032258 0.2951685393258427 0.030161290322580647 0.031348314606741576
5 0.8342943548387097 0.21469101123595508 0.024213709677419353 0.0301123595505618
5 0.8868548387096774 0.24014044943820223 0.022016129032258063 0.028764044943820226
5 0.6759274193548387 0.18685393258426966 0.02219758064516129 0.03106741573033708
5 0.6216532258064515 0.21342696629213484 0.02719758064516129 0.04064606741573034
5 0.5700201612903226 0.2708426966292135 0.03338709677419355 0.03935393258426966
5 0.5148991935483871 0.3525 0.02967741935483871 0.03280898876404494
0 0.10987903225806452 0.48735955056179775 0.03024193548387097 0.6741573033707865
0 0.5231854838709677 0.8012640449438202 0.8568548387096774 0.032303370786516857