5 0.21632829373650106 0.5829362880886426 0.02961123110151188 0.04094182825484764
5 0.2344924406047516 0.614404432132964 0.029589632829373647 0.03786703601108033
5 0.2159827213822894 0.6407756232686981 0.0326133909287257 0.03559556786703601
5 0.2634989200863931 0.5652354570637119 0.03330453563714903 0.0354016620498615
5 0.31114470842332614 0.5369806094182825 0.03548596112311015 0.040138504155124655
5 0.3409071274298056 0.4844321329639889 0.030453563714902807 0.045013850415512466
5 0.5010583153347732 0.4402216066481994 0.03393088552915767 0.04038781163434903
5 0.621144708423326 0.41285318559556783 0.033563714902807774 0.034653739612188365
5 0.6402159827213824 0.3709418282548476 0.030907127429805618 0.042686980609418286
0 0.17386609071274298 0.4868421052631579 0.028077753779697623 0.6551246537396122
0 0.5475161987041036 0.7970914127423823 0.7796976241900648 0.029085872576177285