5 0.2224390243902439 0.20764267990074442 0.03294715447154472 0.041439205955334985
5 0.27457317073170734 0.22208436724565755 0.03695121951219512 0.04054590570719603
5 0.3044715447154472 0.2586352357320099 0.033313008130081305 0.03421836228287841
5 0.20201219512195123 0.3094789081885856 0.03274390243902439 0.03997518610421836
5 0.20323170731707316 0.3622332506203474 0.02983739837398374 0.03627791563275434
5 0.1522967479674797 0.4329528535980149 0.025447154471544716 0.035459057071960294
5 0.20115853658536584 0.4398014888337469 0.028577235772357726 0.03260545905707196
5 0.25126016260162604 0.5302481389578164 0.024634146341463412 0.025260545905707196
5 0.30384146341463414 0.5603225806451613 0.022032520325203253 0.026104218362282876
5 0.354349593495935 0.39523573200992557 0.020589430894308945 0.022679900744416875
5 0.37841463414634147 0.3898759305210918 0.018922764227642278 0.028610421836228285
5 0.4327642276422764 0.38575682382133997 0.02225609756097561 0.02471464019851117
5 0.43146341463414634 0.2857071960297767 0.020284552845528457 0.024888337468982627
5 0.4329268292682927 0.2539454094292804 0.026565040650406505 0.027121588089330025
5 0.5325 0.15930521091811414 0.023983739837398377 0.026550868486352356
5 0.5586991869918699 0.22397022332506206 0.02193089430894309 0.03240694789081886
5 0.6875 0.13230769230769232 0.022479674796747968 0.026749379652605456
5 0.686239837398374 0.24997518610421834 0.02266260162601626 0.03392059553349876
5 0.635650406504065 0.33344913151364763 0.024166666666666666 0.02471464019851117
5 0.6845731707317073 0.34831265508684867 0.026117886178861786 0.028610421836228285
5 0.6596747967479675 0.3737468982630273 0.024268292682926827 0.025260545905707196
5 0.7141666666666667 0.3007940446650124 0.02369918699186992 0.026129032258064514
5 0.788760162601626 0.2714143920595533 0.02030487804878049 0.025235732009925557
5 0.7884756097560975 0.29612903225806453 0.024878048780487806 0.023995037220843674
5 0.8147764227642277 0.26962779156327543 0.02298780487804878 0.027394540942928036
5 0.9407723577235773 0.22928039702233252 0.023922764227642276 0.028387096774193547
5 0.8394105691056911 0.3342679900744417 0.023109756097560975 0.024392059553349877
5 0.890569105691057 0.4138957816377172 0.02772357723577236 0.030397022332506202
5 0.9418495934959349 0.38290322580645164 0.021910569105691054 0.02694789081885856
5 0.9409552845528455 0.4734987593052109 0.02193089430894309 0.024516129032258065
5 0.6610569105691058 0.4649875930521091 0.020508130081300813 0.023424317617866005
5 0.585650406504065 0.4912655086848635 0.020101626016260164 0.023920595533498762
5 0.5321138211382114 0.5834243176178661 0.024959349593495935 0.02533498759305211
5 0.4820325203252032 0.5729032258064516 0.021910569105691054 0.025955334987593053
5 0.4553861788617886 0.7187841191066998 0.02548780487804878 0.030719602977667494
5 0.5061382113821138 0.6773945409429281 0.025711382113821138 0.026029776674937964
5 0.4065040650406504 0.7592307692307693 0.028333333333333332 0.028337468982630273
5 0.6345121951219512 0.6339454094292803 0.026666666666666665 0.030198511166253102
5 0.6358130081300812 0.6780397022332506 0.02638211382113821 0.028734491315136477
0 0.10670731707317073 0.49421836228287835 0.019186991869918697 0.8092059553349876
0 0.5425609756097561 0.8884863523573201 0.8886585365853659 0.02066997518610422