5 0.07615384615384616 0.6872131147540983 0.029467455621301774 0.05967213114754098
5 0.1529585798816568 0.5799672131147541 0.029783037475345168 0.055049180327868846
5 0.2606114398422091 0.6225901639344262 0.03404339250493097 0.04845901639344262
5 0.3432938856015779 0.5689180327868852 0.03962524654832347 0.055836065573770494
5 0.44256410256410256 0.5792459016393442 0.03895463510848126 0.06013114754098361
5 0.5420118343195266 0.5530491803278689 0.03274161735700198 0.05688524590163935
5 0.6472189349112426 0.49095081967213117 0.03406311637080868 0.047475409836065574
5 0.7622485207100591 0.4879016393442623 0.02777120315581854 0.04124590163934426
5 0.8494871794871794 0.449344262295082 0.025483234714003943 0.04321311475409836
5 0.9455818540433926 0.36118032786885246 0.02921104536489152 0.05350819672131148
0 0.06946745562130177 0.47327868852459015 0.03429980276134122 0.9037704918032786
0 0.5243195266272189 0.8959344262295081 0.9474358974358975 0.055606557377049184