5 0.18375527426160337 0.09392282958199358 0.019683544303797467 0.027556270096463022
5 0.19664556962025315 0.10228295819935691 0.019535864978902952 0.032090032154340836
5 0.24839662447257382 0.14189710610932477 0.023860759493670888 0.03189710610932476
5 0.31018987341772153 0.20443729903536978 0.023713080168776372 0.03569131832797427
5 0.19544303797468354 0.3341800643086817 0.023164556962025316 0.03176848874598071
5 0.2788607594936709 0.40067524115755626 0.02225738396624473 0.033408360128617365
5 0.23740506329113925 0.42749196141479096 0.023270042194092826 0.034758842443729905
5 0.29987341772151893 0.5333118971061094 0.02430379746835443 0.035305466237942125
5 0.3937763713080169 0.5172347266881029 0.023839662447257385 0.03472668810289389
5 0.3624261603375527 0.45183279742765275 0.021223628691983125 0.033987138263665596
5 0.37333333333333335 0.38813504823151124 0.022278481012658228 0.03257234726688103
5 0.4143248945147679 0.357588424437299 0.022953586497890296 0.03273311897106109
5 0.4150632911392405 0.6521864951768489 0.029029535864978903 0.03678456591639871
5 0.5205274261603375 0.5310610932475884 0.02388185654008439 0.03813504823151125
5 0.7182067510548523 0.7044694533762058 0.020801687763713078 0.032508038585209
5 0.7905907172995781 0.7983279742765274 0.024936708860759493 0.03678456591639871
5 0.9371308016877636 0.730064308681672 0.02270042194092827 0.0360128617363344
0 0.16694092827004217 0.44318327974276533 0.0220042194092827 0.7521221864951768
0 0.5668776371308016 0.8157556270096462 0.7925105485232067 0.03215434083601286