5 0.24922077922077923 0.31032171581769435 0.02097402597402597 0.023002680965147453
5 0.3677056277056277 0.3764075067024129 0.019177489177489175 0.022895442359249327
5 0.4878787878787879 0.3585790884718499 0.019545454545454543 0.019892761394101878
5 0.5491125541125541 0.34764075067024125 0.018874458874458877 0.022922252010723863
5 0.608030303030303 0.280455764075067 0.023614718614718616 0.020884718498659516
5 0.609025974025974 0.3419302949061662 0.01805194805194805 0.021072386058981235
5 0.6081818181818183 0.36120643431635385 0.020151515151515153 0.01839142091152815
5 0.36768398268398267 0.4356032171581769 0.019134199134199135 0.02453083109919571
5 0.3075108225108225 0.4560053619302949 0.02194805194805195 0.0218230563002681
5 0.8483766233766233 0.24176943699731906 0.019935064935064938 0.027453083109919573
5 0.4883982683982684 0.3839678284182306 0.018593073593073592 0.02166219839142091
0 0.18911255411255412 0.4642359249329759 0.025064935064935064 0.7789008042895441
0 0.5525108225108225 0.8388471849865952 0.7313636363636363 0.04375335120643432