5 0.16074380165289257 0.1564951768488746 0.030041322314049584 0.04562700964630225
5 0.21202479338842975 0.1845016077170418 0.030413223140495868 0.04408360128617363
5 0.26533057851239666 0.21385852090032156 0.029318181818181816 0.0452411575562701
5 0.3171900826446281 0.24254019292604503 0.03194214876033058 0.045755627009646305
5 0.3703719008264463 0.2734405144694534 0.02954545454545455 0.04935691318327974
5 0.422004132231405 0.30385852090032156 0.03059917355371901 0.049228295819935694
5 0.47605371900826443 0.31543408360128616 0.03212809917355372 0.048713826366559486
5 0.527789256198347 0.35578778135048233 0.033409090909090916 0.04819935691318328
5 0.5825 0.4111575562700965 0.03190082644628099 0.050610932475884246
5 0.6347933884297521 0.4621543408360128 0.029896694214876035 0.051061093247588424
5 0.6871694214876033 0.5212540192926045 0.02890495867768595 0.05019292604501607
5 0.7403719008264462 0.5862700964630225 0.032293388429752067 0.045434083601286174
5 0.8469421487603306 0.690096463022508 0.03012396694214876 0.050032154340836014
5 0.8985537190082644 0.7981672025723472 0.031115702479338845 0.04617363344051447
5 0.951198347107438 0.8130225080385852 0.029834710743801653 0.04536977491961414
0 0.158099173553719 0.5081672025723473 0.025144628099173554 0.6556591639871383
0 0.5452685950413224 0.8311254019292605 0.7797314049586777 0.04614147909967845