5 0.23140625 0.7453351206434317 0.016015625 0.02536193029490617
5 0.183203125 0.5907774798927614 0.01859375 0.025924932975871312
5 0.24998046875 0.592680965147453 0.02638671875 0.0260857908847185
5 0.331484375 0.5716621983914209 0.02173828125 0.02689008042895442
5 0.376640625 0.6319571045576408 0.0282421875 0.02386058981233244
5 0.38697265625 0.6158176943699731 0.0224609375 0.02707774798927614
5 0.33181640625 0.5266756032171581 0.02064453125 0.02994638069705094
5 0.3646484375 0.513538873994638 0.02208984375 0.025710455764075067
5 0.3827734375 0.5149329758713137 0.024609375 0.024825737265415548
5 0.365859375 0.3894906166219839 0.02271484375 0.02737265415549598
5 0.2791015625 0.3579892761394102 0.02310546875 0.024343163538873995
5 0.454296875 0.3973190348525469 0.02212890625 0.029517426273458443
5 0.5009375 0.4888739946380697 0.02353515625 0.03388739946380697
5 0.60525390625 0.4883646112600536 0.02171875 0.03168900804289544
5 0.640546875 0.5189008042895442 0.01947265625 0.02737265415549598
5 0.59298828125 0.39034852546916887 0.02126953125 0.027828418230563003
5 0.50189453125 0.3575335120643432 0.017421875 0.02710455764075067
5 0.6555078125 0.3579088471849866 0.01966796875 0.026595174262734583
5 0.505 0.25552278820375335 0.02185546875 0.02262734584450402
5 0.5034765625 0.2816621983914209 0.0223828125 0.020991957104557642
5 0.52439453125 0.282171581769437 0.02138671875 0.025710455764075067
5 0.5196484375 0.2261662198391421 0.01931640625 0.026327077747989275
5 0.66201171875 0.21780160857908845 0.02376953125 0.027962466487935655
5 0.7616015625 0.2647721179624665 0.0187109375 0.026407506702412868
5 0.788046875 0.23772117962466488 0.021640625 0.021260053619302947
5 0.79650390625 0.29345844504021446 0.02162109375 0.028686327077747986
5 0.7923828125 0.37967828418230565 0.01783203125 0.028525469168900804
5 0.742265625 0.5352815013404826 0.0192578125 0.02635388739946381
5 0.79611328125 0.14436997319034853 0.01724609375 0.030455764075067022
5 0.801484375 0.1635656836461126 0.0228125 0.022198391420911526
0 0.11255859375 0.4889276139410188 0.01541015625 0.8000536193029492
0 0.5242578125 0.8776675603217158 0.84087890625 0.019758713136729222