5 0.1760546875 0.800462962962963 0.0153125 0.018657407407407407
5 0.1803125 0.7574305555555555 0.01771484375 0.02101851851851852
5 0.331953125 0.6348148148148148 0.017421875 0.01888888888888889
5 0.3529296875 0.6243981481481482 0.01892578125 0.01775462962962963
5 0.3563671875 0.6088888888888889 0.0213671875 0.016944444444444446
5 0.38603515625 0.5969212962962963 0.0214453125 0.019282407407407408
5 0.466484375 0.5563425925925926 0.01728515625 0.018217592592592594
5 0.45224609375 0.5230092592592592 0.016484375 0.019166666666666665
5 0.4679296875 0.5220833333333333 0.0191796875 0.01747685185185185
5 0.47349609375 0.49159722222222224 0.0180078125 0.019375
5 0.4962890625 0.4753935185185185 0.0198046875 0.020023148148148148
5 0.5046875 0.45564814814814814 0.019453125 0.021689814814814815
5 0.5478515625 0.4365046296296296 0.01990234375 0.019467592592592592
5 0.5645703125 0.41375 0.0184375 0.019930555555555556
5 0.580390625 0.4009490740740741 0.01849609375 0.02259259259259259
5 0.6213671875 0.3735648148148148 0.01734375 0.020995370370370373
5 0.62177734375 0.35409722222222223 0.018203125 0.017499999999999998
5 0.63369140625 0.3425 0.01595703125 0.018587962962962962
5 0.65001953125 0.3374537037037037 0.01541015625 0.02034722222222222
5 0.6551171875 0.31687499999999996 0.0183984375 0.02185185185185185
5 0.69533203125 0.29094907407407405 0.0190625 0.020578703703703707
5 0.72990234375 0.2219675925925926 0.015625 0.021782407407407407
5 0.7712890625 0.21525462962962963 0.0197265625 0.020162037037037037
5 0.77509765625 0.19215277777777778 0.019609375 0.020578703703703707
5 0.78486328125 0.1658564814814815 0.0202734375 0.022500000000000003
5 0.89044921875 0.059097222222222225 0.02095703125 0.02428240740740741
0 0.1348828125 0.47453703703703703 0.0280859375 0.8535879629629629
0 0.55724609375 0.8825231481481481 0.87279296875 0.034722222222222224