5 0.19840304182509505 0.01970703125 0.032072243346007605 0.0223046875
5 0.19718631178707224 0.040546875 0.028022813688212928 0.02625
5 0.2172813688212928 0.0679296875 0.03174904942965779 0.03662109375
5 0.25762357414448667 0.10001953125 0.039315589353612165 0.03578125
5 0.236787072243346 0.14794921875 0.034106463878327 0.02962890625
5 0.23925855513307984 0.1772265625 0.035 0.028671875
5 0.2058555133079848 0.1602734375 0.034106463878327 0.0294140625
5 0.3253041825095057 0.34244140625 0.04199619771863118 0.04380859375
5 0.24893536121673004 0.03373046875 0.04334600760456274 0.0331640625
5 0.5029087452471482 0.0874609375 0.03513307984790875 0.040390625
5 0.5143536121673004 0.15671875 0.042604562737642585 0.0443359375
5 0.5640304182509506 0.25966796875 0.044391634980988595 0.04181640625
5 0.7727946768060837 0.2047265625 0.04076045627376426 0.042734375
5 0.8674144486692015 0.2590234375 0.04509505703422053 0.0458203125
0 0.1758555133079848 0.42830078125 0.03395437262357414 0.8454296875
0 0.5615209125475286 0.8356640625 0.799828897338403 0.0334765625