5 0.2587037037037037 0.7801219512195122 0.02360082304526749 0.03533536585365853
5 0.2930658436213992 0.7481707317073171 0.02382716049382716 0.03295731707317073
5 0.33510288065843624 0.7180182926829268 0.023415637860082307 0.02445121951219512
5 0.33467078189300414 0.7380182926829268 0.028374485596707816 0.02454268292682927
5 0.37109053497942385 0.7291768292682926 0.02185185185185185 0.03167682926829268
5 0.3828600823045267 0.6686890243902439 0.020637860082304525 0.032621951219512196
5 0.39372427983539093 0.6548780487804878 0.02197530864197531 0.03307926829268293
5 0.41870370370370374 0.6691463414634146 0.021687242798353906 0.031371951219512195
5 0.4598148148148148 0.6311585365853659 0.021563786008230452 0.034176829268292686
5 0.4085185185185185 0.6170426829268292 0.020946502057613166 0.031859756097560976
5 0.4184567901234568 0.6029573170731708 0.021790123456790125 0.029603658536585368
5 0.4084773662551441 0.5897865853658536 0.024506172839506173 0.03128048780487805
5 0.441440329218107 0.5755792682926829 0.02563786008230453 0.03310975609756098
5 0.493559670781893 0.6157926829268292 0.022757201646090536 0.032621951219512196
5 0.5201851851851852 0.6132317073170731 0.025905349794238683 0.030792682926829268
5 0.5120576131687243 0.5932926829268292 0.02339506172839506 0.029664634146341465
5 0.5176131687242799 0.5673780487804878 0.02137860082304527 0.03179878048780488
5 0.5276131687242799 0.568719512195122 0.021275720164609054 0.029146341463414636
5 0.5213786008230452 0.5532926829268292 0.024547325102880657 0.02634146341463415
5 0.5493827160493827 0.563079268292683 0.02432098765432099 0.03076219512195122
5 0.5400205761316872 0.5480792682926829 0.022510288065843622 0.02670731707317073
5 0.5669135802469135 0.5241768292682927 0.0198559670781893 0.033932926829268295
5 0.5520987654320988 0.5246341463414634 0.021872427983539097 0.03155487804878049
5 0.5412345679012346 0.5249695121951219 0.022736625514403294 0.034451219512195125
5 0.540514403292181 0.4995121951219512 0.02563786008230453 0.028810975609756095
5 0.5091769547325103 0.521829268292683 0.02343621399176955 0.03350609756097561
5 0.4870576131687243 0.5103658536585366 0.020699588477366256 0.03326219512195122
5 0.48158436213991773 0.5617073170731708 0.02434156378600823 0.03323170731707317
5 0.5882510288065843 0.5872560975609756 0.025 0.037042682926829266
5 0.5858024691358025 0.5314634146341464 0.02419753086419753 0.03335365853658537
5 0.5934156378600822 0.5060365853658536 0.021502057613168722 0.03542682926829268
5 0.5865637860082304 0.49314024390243905 0.020637860082304525 0.026890243902439024
5 0.5751440329218107 0.48320121951219513 0.018415637860082303 0.027530487804878045
5 0.5847530864197531 0.47939024390243906 0.02277777777777778 0.028140243902439025
5 0.5822016460905349 0.4502743902439024 0.01944444444444444 0.03286585365853659
5 0.5995884773662551 0.4560670731707317 0.02154320987654321 0.034725609756097564
5 0.5950617283950617 0.4336585365853659 0.02403292181069959 0.03097560975609756
5 0.6411728395061729 0.3968292682926829 0.021584362139917695 0.03283536585365854
5 0.643641975308642 0.36628048780487804 0.025205761316872428 0.03435975609756097
5 0.6182921810699589 0.37192073170731704 0.02390946502057613 0.03375
5 0.7004115226337448 0.4361890243902439 0.02351851851851852 0.037103658536585364
5 0.6875720164609054 0.3960365853658537 0.01895061728395062 0.0388109756097561
5 0.7048559670781893 0.3935670731707317 0.019320987654320988 0.03923780487804878
5 0.724917695473251 0.37375 0.02228395061728395 0.035243902439024394
5 0.7282921810699589 0.4161280487804878 0.021028806584362143 0.03259146341463415
5 0.7448148148148148 0.4067378048780488 0.022386831275720165 0.032134146341463415
5 0.7551234567901235 0.3784451219512195 0.020061728395061727 0.03277439024390244
5 0.786522633744856 0.3708231707317073 0.02203703703703704 0.028292682926829266
5 0.7774279835390946 0.37594512195121954 0.02242798353909465 0.03097560975609756
5 0.7462962962962962 0.33698170731707316 0.02279835390946502 0.03402439024390244
5 0.7218930041152263 0.32091463414634147 0.02308641975308642 0.03460365853658536
5 0.7873045267489712 0.32240853658536583 0.0247119341563786 0.0361280487804878
5 0.8002880658436214 0.31393292682926827 0.022201646090534977 0.033414634146341465
5 0.8309259259259258 0.32173780487804876 0.02308641975308642 0.029390243902439026
5 0.8386213991769548 0.29320121951219513 0.02563786008230453 0.03387195121951219
5 0.7313374485596708 0.2545121951219512 0.02419753086419753 0.03527439024390244
5 0.9156790123456789 0.18625 0.023847736625514402 0.03414634146341463
5 0.965246913580247 0.17454268292682926 0.022962962962962963 0.037225609756097566
0 0.17537037037037037 0.4788109756097561 0.025246913580246912 0.68875
0 0.576604938271605 0.8003048780487805 0.8314609053497942 0.03463414634146341