5 0.13986328125 0.11725761772853185 0.03013671875 0.03135734072022161
5 0.22197265625 0.17695290858725762 0.02947265625 0.04304709141274238
5 0.32140625 0.28817174515235455 0.03083984375 0.04385041551246537
5 0.41841796875 0.3694459833795014 0.023046875 0.037146814404432134
5 0.442890625 0.36157894736842106 0.02783203125 0.03371191135734072
5 0.4634765625 0.36875346260387815 0.03224609375 0.05113573407202216
5 0.559375 0.344792243767313 0.03150390625 0.03709141274238227
5 0.61017578125 0.27637119113573405 0.03111328125 0.04182825484764543
5 0.5102734375 0.415595567867036 0.03416015625 0.04939058171745152
5 0.5556640625 0.47199445983379495 0.0327734375 0.0421606648199446
5 0.49154296875 0.5994459833795014 0.036875 0.04778393351800554
5 0.39724609375 0.6502770083102493 0.0344921875 0.04786703601108033
5 0.2653125 0.7326315789473685 0.0314453125 0.04944598337950139
5 0.5083203125 0.7345429362880886 0.0248828125 0.04094182825484764
5 0.5155859375 0.8278947368421052 0.0285546875 0.03994459833795014
5 0.80474609375 0.5410803324099723 0.031796875 0.038781163434903045
5 0.95603515625 0.45252077562326876 0.03205078125 0.04016620498614958
0 0.119140625 0.4466759002770083 0.021484375 0.8545706371191135
0 0.54541015625 0.8635734072022161 0.8681640625 0.03185595567867036