6 0.15476725521669343 0.46954999999999997 0.06340288924558588 0.3091
6 0.28423756019261637 0.573925 0.06553772070626003 0.09699999999999999
6 0.413852327447833 0.54245 0.0652808988764045 0.16325
6 0.5418619582664527 0.39225 0.06179775280898876 0.45035
6 0.6720224719101124 0.454325 0.06260032102728733 0.33285
6 0.7996308186195827 0.476825 0.06634028892455858 0.2945
6 0.92884430176565 0.36267499999999997 0.06260032102728733 0.516175
2 0.1565008025682183 0.71555 0.03210272873194221 0.09692500000000001
2 0.28784911717495987 0.75615 0.03263242375601926 0.182275
2 0.4137239165329053 0.758425 0.03558587479935795 0.191025
2 0.543338683788122 0.7501000000000001 0.03531300160513644 0.1577
2 0.6724237560192616 0.802375 0.03398073836276084 0.2664
2 0.7992295345104334 0.7130500000000001 0.030770465489566617 0.091925
2 0.9293739967897271 0.775925 0.03157303370786517 0.226
8 0.11958266452648475 0.044725 0.0652808988764045 0.059425
0 0.0912199036918138 0.356875 0.021396468699839487 0.57105