5 0.2394168466522678 0.7399228791773779 0.036889848812095026 0.04041131105398458
5 0.31246220302375805 0.6476863753213368 0.03419006479481641 0.03858611825192802
5 0.38958963282937364 0.6497943444730078 0.04075593952483802 0.038380462724935734
5 0.4606479481641469 0.5601028277634962 0.037019438444924405 0.03475578406169666
5 0.5367602591792657 0.47200514138817484 0.03602591792656588 0.038740359897172234
5 0.6101295896328294 0.4707969151670951 0.031425485961123115 0.03634961439588689
5 0.6863066954643628 0.4692544987146529 0.034211663066954646 0.0442159383033419
5 0.7603455723542117 0.3820051413881748 0.039006479481641466 0.03992287917737789
5 0.8361123110151188 0.2927763496143959 0.04032397408207344 0.04503856041131105
5 0.9099352051835853 0.2954241645244216 0.03840172786177106 0.04593830334190232
0 0.16259179265658746 0.46272493573264784 0.02038876889848812 0.8883290488431876
0 0.5345572354211663 0.8269151670951157 0.845939524838013 0.022853470437017995