5 0.13044921875 0.5285220125786163 0.0176953125 0.033773584905660375
5 0.16923828125 0.5691823899371069 0.01529296875 0.024654088050314465
5 0.18025390625 0.5743396226415094 0.01888671875 0.024245283018867924
5 0.1948828125 0.5612893081761007 0.01904296875 0.03147798742138365
5 0.18650390625 0.5076729559748427 0.01716796875 0.03056603773584906
5 0.13623046875 0.7077044025157233 0.01736328125 0.03191823899371069
5 0.15453125 0.7527358490566037 0.0194140625 0.029748427672955977
5 0.1630078125 0.7809748427672956 0.01986328125 0.021635220125786163
5 0.1451171875 0.7763522012578616 0.01677734375 0.030911949685534592
5 0.2290234375 0.6897169811320755 0.01859375 0.028993710691823903
5 0.21146484375 0.6410691823899372 0.01806640625 0.029182389937106916
5 0.2033984375 0.6181761006289308 0.01986328125 0.025125786163522013
5 0.22271484375 0.6136477987421384 0.01740234375 0.03349056603773585
5 0.23796875 0.6217610062893082 0.01982421875 0.0320125786163522
5 0.27015625 0.6035220125786163 0.02365234375 0.02462264150943396
5 0.2531640625 0.5554088050314465 0.01333984375 0.02842767295597484
5 0.26328125 0.5509433962264151 0.01486328125 0.022641509433962266
5 0.30388671875 0.5555974842767296 0.01634765625 0.026918238993710694
5 0.31306640625 0.5970754716981133 0.01478515625 0.027484276729559748
5 0.29533203125 0.614685534591195 0.0164453125 0.024968553459119497
5 0.2881640625 0.6447798742138364 0.01619140625 0.02289308176100629
5 0.27966796875 0.6571383647798742 0.01791015625 0.02119496855345912
5 0.3284375 0.6022955974842767 0.0158984375 0.02849056603773585
5 0.34658203125 0.6208490566037737 0.0189453125 0.023490566037735847
5 0.35302734375 0.6633333333333333 0.01775390625 0.024150943396226414
5 0.3200390625 0.760062893081761 0.01857421875 0.02959119496855346
5 0.24515625 0.7850943396226415 0.01845703125 0.02679245283018868
5 0.3776171875 0.7850943396226415 0.016953125 0.02738993710691824
5 0.394921875 0.7546540880503144 0.01638671875 0.027578616352201258
5 0.45380859375 0.8227672955974842 0.0181640625 0.028553459119496857
5 0.50380859375 0.8231132075471698 0.01580078125 0.028616352201257862
5 0.46033203125 0.7386477987421384 0.0149609375 0.0269811320754717
5 0.47181640625 0.7372012578616353 0.0145703125 0.02537735849056604
5 0.403984375 0.6696540880503145 0.01787109375 0.029213836477987417
5 0.446015625 0.6538050314465409 0.01701171875 0.03150943396226415
5 0.47630859375 0.6359119496855345 0.0135546875 0.025251572327044024
5 0.49677734375 0.6325157232704403 0.0146484375 0.026635220125786164
5 0.48666015625 0.6382075471698113 0.01498046875 0.024842767295597486
5 0.5116015625 0.5922012578616352 0.0153125 0.02783018867924528
5 0.52705078125 0.6385849056603773 0.01466796875 0.026226415094339622
5 0.53740234375 0.6287106918238994 0.01658203125 0.03040880503144654
5 0.553046875 0.7213522012578616 0.015859375 0.02632075471698113
5 0.5449609375 0.7992452830188679 0.01689453125 0.02682389937106918
5 0.57033203125 0.7567924528301887 0.0156640625 0.02679245283018868
5 0.6108984375 0.718805031446541 0.01634765625 0.025660377358490565
5 0.5783203125 0.6724528301886793 0.01884765625 0.030471698113207546
5 0.62845703125 0.6279874213836477 0.01982421875 0.02764150943396226
5 0.6353125 0.6549685534591195 0.01607421875 0.02440251572327044
5 0.64333984375 0.690314465408805 0.0175390625 0.02971698113207547
5 0.65287109375 0.7023899371069183 0.0169140625 0.02427672955974843
5 0.6613671875 0.7167295597484277 0.01791015625 0.023522012578616355
5 0.677421875 0.7233962264150943 0.01662109375 0.03169811320754717
5 0.68396484375 0.7500943396226415 0.0183984375 0.027861635220125785
5 0.70310546875 0.7568553459119497 0.01998046875 0.026257861635220123
5 0.6701171875 0.8122327044025158 0.01796875 0.02949685534591195
5 0.69447265625 0.579811320754717 0.0166796875 0.028207547169811324
5 0.7115625 0.6176100628930817 0.015703125 0.02452830188679245
5 0.7275 0.64937106918239 0.01595703125 0.023899371069182388
5 0.71875 0.6639308176100629 0.01794921875 0.021572327044025157
5 0.74322265625 0.6820754716981132 0.01654296875 0.02327044025157233
5 0.753125 0.6716037735849056 0.01603515625 0.02811320754716981
5 0.7806640625 0.6571698113207547 0.018359375 0.023773584905660377
5 0.76931640625 0.669433962264151 0.0136328125 0.025157232704402517
5 0.7615234375 0.7222641509433962 0.01591796875 0.030062893081761008
5 0.78615234375 0.7227044025157232 0.0195703125 0.030911949685534592
5 0.8031640625 0.6875157232704402 0.01609375 0.025314465408805033
5 0.8109375 0.6049685534591195 0.021484375 0.02817610062893082
5 0.835859375 0.6765408805031446 0.0177734375 0.028584905660377358
5 0.85361328125 0.6009119496855346 0.01884765625 0.03389937106918239
5 0.843984375 0.7455345911949686 0.01650390625 0.028805031446540882
5 0.81921875 0.7749685534591195 0.01578125 0.02666666666666667
5 0.8276171875 0.790377358490566 0.01626953125 0.02289308176100629
5 0.4380078125 0.5526415094339623 0.01658203125 0.027767295597484278
5 0.41177734375 0.5468238993710691 0.0135546875 0.02849056603773585
5 0.42064453125 0.5457232704402516 0.01333984375 0.027861635220125785
5 0.3626171875 0.5583018867924529 0.01890625 0.027421383647798746
5 0.337578125 0.5034905660377359 0.019375 0.03022012578616352
5 0.370234375 0.4880188679245283 0.02115234375 0.030125786163522014
5 0.4288671875 0.325188679245283 0.02091796875 0.035660377358490564
5 0.5204296875 0.5313836477987421 0.017734375 0.023238993710691824
5 0.561015625 0.49308176100628937 0.0208984375 0.031949685534591196
5 0.58572265625 0.5088993710691825 0.0183203125 0.024779874213836477
5 0.6032421875 0.5181446540880503 0.0168359375 0.028522012578616352
5 0.59421875 0.535188679245283 0.01654296875 0.027578616352201258
5 0.6200390625 0.5665094339622642 0.0180859375 0.026037735849056602
5 0.3887890625 0.22487421383647802 0.02630859375 0.03619496855345912
5 0.73833984375 0.42169811320754713 0.022421875 0.03182389937106918
5 0.7954296875 0.4481132075471698 0.024765625 0.03349056603773585
0 0.1194140625 0.4624213836477988 0.016875 0.8276100628930818
0 0.53578125 0.8583333333333333 0.849609375 0.03572327044025157