5 0.18423828125 0.4297538461538461 0.0184765625 0.026123076923076922
5 0.14287109375 0.5298153846153846 0.01900390625 0.029538461538461538
5 0.1562109375 0.6332615384615384 0.0169140625 0.029815384615384615
5 0.21255859375 0.6147692307692308 0.01466796875 0.028215384615384614
5 0.19728515625 0.6213538461538461 0.01552734375 0.02726153846153846
5 0.2522265625 0.4573846153846154 0.018515625 0.023353846153846152
5 0.2802734375 0.5207999999999999 0.01716796875 0.027046153846153845
5 0.266015625 0.5628615384615385 0.02005859375 0.027661538461538463
5 0.30798828125 0.5694769230769231 0.01576171875 0.024307692307692308
5 0.12974609375 0.7588 0.01966796875 0.024800000000000003
5 0.225078125 0.7376307692307692 0.016328125 0.02633846153846154
5 0.23998046875 0.7592615384615384 0.015859375 0.032461538461538465
5 0.2930859375 0.7746769230769232 0.018515625 0.024
5 0.348203125 0.7484 0.02095703125 0.02523076923076923
5 0.37763671875 0.6868307692307692 0.02126953125 0.020984615384615386
5 0.4320703125 0.6742153846153847 0.0233984375 0.026861538461538464
5 0.41865234375 0.6095384615384615 0.0209765625 0.027476923076923076
5 0.445859375 0.6213538461538461 0.0159765625 0.02584615384615385
5 0.36205078125 0.48067692307692306 0.01630859375 0.027476923076923076
5 0.38955078125 0.49319999999999997 0.0174609375 0.024184615384615384
5 0.40474609375 0.4694153846153846 0.01818359375 0.02193846153846154
5 0.32224609375 0.3932 0.02263671875 0.02572307692307692
5 0.33611328125 0.34144615384615384 0.0192578125 0.02633846153846154
5 0.4732421875 0.31015384615384617 0.02134765625 0.027415384615384616
5 0.48716796875 0.4423692307692308 0.0203125 0.02587692307692308
5 0.45876953125 0.4842461538461538 0.019375 0.026153846153846153
5 0.50048828125 0.4925538461538462 0.0174609375 0.024338461538461538
5 0.5270703125 0.534276923076923 0.0194140625 0.028523076923076922
5 0.513671875 0.6055692307692307 0.01873046875 0.027384615384615386
5 0.555078125 0.5516923076923077 0.01708984375 0.026615384615384617
5 0.58326171875 0.5460307692307692 0.01865234375 0.026584615384615387
5 0.542890625 0.4043076923076923 0.0196484375 0.026123076923076922
5 0.569453125 0.23581538461538462 0.019765625 0.02587692307692308
5 0.59634765625 0.34215384615384614 0.0196484375 0.027753846153846153
5 0.6115234375 0.4398769230769231 0.01771484375 0.026553846153846157
5 0.6376953125 0.4528307692307692 0.01794921875 0.02836923076923077
5 0.69265625 0.4626769230769231 0.0205859375 0.02575384615384615
5 0.651328125 0.5815384615384616 0.01828125 0.026861538461538464
5 0.62283203125 0.6596 0.01875 0.02870769230769231
5 0.66501953125 0.6512615384615384 0.0159765625 0.023384615384615382
5 0.67837890625 0.6659076923076923 0.01658203125 0.02723076923076923
5 0.73345703125 0.6521538461538461 0.01814453125 0.026553846153846157
5 0.76033203125 0.6311692307692307 0.0180078125 0.02987692307692308
5 0.7746875 0.7279384615384615 0.01619140625 0.025323076923076924
5 0.74625 0.7521538461538462 0.01947265625 0.02566153846153846
5 0.85787109375 0.6545538461538462 0.01998046875 0.02569230769230769
5 0.843515625 0.6311384615384615 0.02310546875 0.02843076923076923
5 0.83041015625 0.5072307692307693 0.0189453125 0.026830769230769234
5 0.7891015625 0.49858461538461535 0.01896484375 0.027938461538461537
5 0.72029296875 0.37015384615384617 0.021328125 0.028984615384615383
5 0.70646484375 0.30876923076923074 0.02166015625 0.027507692307692306
5 0.79943359375 0.25393846153846156 0.0180859375 0.025353846153846154
5 0.81794921875 0.25279999999999997 0.02126953125 0.024523076923076922
5 0.17095703125 0.626523076923077 0.014609375 0.024123076923076924
0 0.1149609375 0.48110769230769235 0.02041015625 0.7888000000000001
0 0.5246875 0.8601538461538462 0.8362890625 0.025169230769230767