5 0.22839826839826838 0.21215384615384614 0.021774891774891777 0.03476923076923077
5 0.3147402597402597 0.3620769230769231 0.022835497835497837 0.03676923076923077
5 0.39642857142857146 0.4285769230769231 0.028376623376623375 0.042346153846153846
5 0.5391125541125541 0.5755769230769231 0.02106060606060606 0.0365
5 0.5931601731601732 0.6006153846153846 0.0229004329004329 0.0315
5 0.658982683982684 0.6126538461538461 0.021471861471861472 0.031153846153846153
5 0.706969696969697 0.6217307692307692 0.014134199134199135 0.02576923076923077
5 0.7137445887445888 0.6313076923076922 0.015367965367965367 0.029615384615384616
5 0.7284848484848485 0.6317692307692307 0.017424242424242425 0.0265
5 0.7577272727272727 0.6608461538461539 0.020064935064935063 0.03526923076923077
5 0.7944155844155844 0.6893461538461538 0.019285714285714285 0.03561538461538461
5 0.8414502164502164 0.6546923076923077 0.018203463203463204 0.034576923076923075
5 0.8858658008658008 0.7112692307692308 0.01948051948051948 0.03561538461538461
0 0.10781385281385282 0.49073076923076925 0.015238095238095238 0.7222307692307692
0 0.5395238095238095 0.8411538461538461 0.8786363636363637 0.02707692307692308