6 0.12221079691516709 0.459525 0.058059125964010284 0.405725
6 0.23875321336760927 0.47515 0.05976863753213368 0.37782499999999997
6 0.35550128534704367 0.456 0.05762210796915167 0.419475
6 0.4717223650385604 0.43725 0.056555269922879174 0.45697499999999996
6 0.5874035989717223 0.551 0.056555269922879174 0.22615
6 0.703508997429306 0.6480750000000001 0.057416452442159385 0.028650000000000002
6 0.8191902313624679 0.386625 0.057416452442159385 0.551575
6 0.9366966580976864 0.6072500000000001 0.058907455012853466 0.11365
2 0.1243573264781491 0.79155 0.028059125964010282 0.16142499999999999
2 0.2410025706940874 0.8209000000000001 0.027853470437017996 0.215975
2 0.35475578406169667 0.8075749999999999 0.028277634961439587 0.18932500000000002
2 0.47182519280205654 0.8209000000000001 0.02892030848329049 0.215975
2 0.5865424164524421 0.7724 0.029138817480719798 0.123125
2 0.705655526992288 0.793625 0.02741645244215938 0.173925
2 0.8219794344473008 0.80905 0.02442159383033419 0.17975000000000002
2 0.9357326478149101 0.77405 0.024845758354755783 0.12645
8 0.08633676092544987 0.043875000000000004 0.05269922879177378 0.057775
0 0.06255784061696658 0.383125 0.024845758354755783 0.611825