5 0.380655737704918 0.24073394495412845 0.025430327868852458 0.03464831804281346
5 0.6751024590163934 0.34957186544342506 0.022315573770491804 0.037645259938837924
5 0.3807786885245901 0.5752599388379205 0.025696721311475407 0.032018348623853214
5 0.42370901639344266 0.592691131498471 0.021147540983606557 0.026269113149847093
5 0.42395491803278684 0.6125076452599388 0.021639344262295083 0.028073394495412844
5 0.29688524590163934 0.6972477064220184 0.01961065573770492 0.022324159021406727
5 0.17067622950819675 0.712691131498471 0.024467213114754097 0.032844036697247704
5 0.29661885245901637 0.712691131498471 0.018217213114754098 0.02660550458715596
5 0.7582581967213115 0.4190825688073394 0.022581967213114753 0.02996941896024465
5 0.8004713114754098 0.37345565749235476 0.021721311475409837 0.0317737003058104
5 0.8839139344262296 0.39666666666666667 0.026290983606557378 0.03853211009174312
0 0.12668032786885247 0.4920795107033639 0.029815573770491804 0.6922324159021407
0 0.5435040983606558 0.8256880733944955 0.8634426229508197 0.03614678899082569