5 0.17275653923541248 0.825546875 0.04756539235412475 0.046875
5 0.3658350100603622 0.76130859375 0.0524748490945674 0.0387890625
5 0.3014486921529175 0.68177734375 0.05694164989939638 0.04072265625
5 0.27434607645875253 0.64951171875 0.05086519114688129 0.0415234375
5 0.4435412474849095 0.66185546875 0.04690140845070422 0.04107421875
5 0.4218913480885312 0.57681640625 0.040603621730382296 0.03087890625
5 0.40647887323943666 0.59796875 0.03937625754527163 0.0264453125
5 0.42875251509054324 0.606796875 0.040080482897384306 0.034921875
5 0.4612676056338028 0.61015625 0.04348088531187123 0.03826171875
5 0.46006036217303825 0.56861328125 0.033641851106639836 0.04318359375
5 0.4823943661971831 0.5748046875 0.03804828973843059 0.03603515625
5 0.5019114688128773 0.53091796875 0.047022132796780684 0.041484375
5 0.5195975855130784 0.5074609375 0.04696177062374245 0.0391015625
5 0.5896378269617707 0.514921875 0.04297786720321931 0.045390625
5 0.6580885311871227 0.37158203125 0.04476861167002012 0.0407421875
5 0.6927364185110665 0.31890625 0.054869215291750505 0.045
5 0.7890543259557344 0.1962109375 0.04945674044265593 0.04390625
0 0.0790543259557344 0.46666015625 0.028752515090543256 0.85798828125
0 0.5245674044265594 0.87890625 0.9140643863179075 0.02791015625