5 0.09990138067061144 0.11378205128205128 0.02700197238658777 0.03522435897435897
5 0.24353057199211045 0.278974358974359 0.02309664694280079 0.03596153846153846
5 0.2570019723865878 0.2908012820512821 0.02700197238658777 0.035192307692307696
5 0.34848126232741616 0.38637820512820514 0.030098619329388558 0.04099358974358974
5 0.45069033530571995 0.3508974358974359 0.01980276134122288 0.02907051282051282
5 0.4589151873767258 0.36259615384615385 0.019644970414201185 0.029743589743589743
5 0.4411045364891518 0.2757371794871795 0.02552268244575937 0.03528846153846154
5 0.44157790927021695 0.5008974358974358 0.027218934911242606 0.03878205128205128
5 0.48867850098619325 0.49157051282051284 0.027435897435897437 0.0453525641025641
5 0.5329980276134123 0.6119551282051282 0.026765285996055228 0.043814102564102564
5 0.6377317554240631 0.5674679487179487 0.026508875739644968 0.04442307692307692
5 0.6677712031558185 0.6364102564102564 0.022919132149901378 0.0321474358974359
5 0.6740631163708086 0.7201282051282052 0.028481262327416174 0.03926282051282051
5 0.7087968441814596 0.716025641025641 0.02710059171597633 0.03990384615384615
5 0.730276134122288 0.7536858974358974 0.026055226824457597 0.04076923076923077
5 0.7825641025641026 0.7311538461538462 0.018362919132149904 0.03737179487179487
5 0.7940039447731756 0.7272435897435897 0.0190138067061144 0.03958333333333333
5 0.7735108481262327 0.8108333333333333 0.02698224852071006 0.03891025641025641
5 0.8560749506903352 0.8052564102564103 0.02280078895463511 0.04038461538461539
5 0.8793293885601577 0.7960576923076923 0.02388560157790927 0.03967948717948718
0 0.0801775147928994 0.4626602564102564 0.03173570019723866 0.8584294871794871
0 0.5303944773175543 0.8660897435897437 0.9304536489151874 0.048782051282051285