5 0.39478515625 0.18551630434782607 0.02486328125 0.028994565217391303
5 0.4652734375 0.34097826086956523 0.0209765625 0.027228260869565216
5 0.400234375 0.41915760869565216 0.0234375 0.026005434782608697
5 0.54115234375 0.40527173913043474 0.01818359375 0.023885869565217387
5 0.46203125 0.5041304347826088 0.02591796875 0.031032608695652174
5 0.3384765625 0.5117663043478261 0.01935546875 0.024320652173913042
5 0.36328125 0.544945652173913 0.01802734375 0.024728260869565217
5 0.318828125 0.6436413043478261 0.0204296875 0.024239130434782607
5 0.28927734375 0.6658423913043479 0.02130859375 0.021331521739130433
5 0.27427734375 0.6877173913043478 0.01650390625 0.021983695652173913
5 0.2847265625 0.6934510869565217 0.01966796875 0.023695652173913045
5 0.3178125 0.6714945652173914 0.01953125 0.022146739130434783
5 0.3062890625 0.6829076086956521 0.018671875 0.024266304347826086
5 0.3296875 0.7421739130434782 0.02021484375 0.030760869565217393
5 0.15986328125 0.7672554347826087 0.01681640625 0.024701086956521737
5 0.894765625 0.35019021739130435 0.020078125 0.034945652173913044
0 0.10587890625 0.4505163043478261 0.02671875 0.8438315217391303
0 0.537109375 0.8602717391304348 0.88095703125 0.035760869565217394