5 0.09391050583657588 0.80684375 0.01869649805447471 0.02309375
5 0.0942023346303502 0.79065625 0.020972762645914397 0.023375
5 0.102568093385214 0.7544375 0.022470817120622568 0.026968750000000003
5 0.10906614785992218 0.72759375 0.022782101167315178 0.026250000000000002
5 0.11556420233463034 0.711125 0.0222568093385214 0.03003125
5 0.15570038910505837 0.63371875 0.025583657587548637 0.03
5 0.1701750972762646 0.61165625 0.025778210116731516 0.03075
5 0.205136186770428 0.56684375 0.025486381322957198 0.038906249999999996
5 0.25749027237354083 0.5038125 0.02029182879377432 0.03375
5 0.2708171206225681 0.48953125000000003 0.022392996108949417 0.029625000000000002
5 0.3849610894941634 0.3889375 0.020992217898832682 0.030156250000000002
5 0.41766536964980544 0.36821875 0.022568093385214007 0.0309375
5 0.43013618677042803 0.35681250000000003 0.023813229571984437 0.0443125
5 0.5127626459143969 0.30146875 0.025077821011673152 0.036125000000000004
5 0.530466926070039 0.29140625 0.023249027237354083 0.04084375
5 0.544727626459144 0.2805 0.025155642023346303 0.04803125
5 0.8259338521400778 0.124125 0.02260700389105058 0.02815625
0 0.08754863813229571 0.46590625 0.03536964980544747 0.84090625
0 0.5292801556420234 0.8607812499999999 0.9205836575875487 0.051125