8 0.10230446927374302 0.041174999999999996 0.060293296089385474 0.056525
0 0.07878491620111731 0.35627499999999995 0.021634078212290502 0.565625
6 0.12593575418994413 0.47100000000000003 0.0446927374301676 0.2995
6 0.4000279329608939 0.3635 0.04585195530726257 0.5178499999999999
6 0.4920810055865922 0.3735 0.046089385474860335 0.48784999999999995
6 0.674231843575419 0.38455 0.044930167597765365 0.472425
6 0.9484357541899442 0.5283 0.04399441340782123 0.184925
6 0.8568435754189944 0.5670499999999999 0.0446927374301676 0.1041
6 0.7657122905027933 0.6135 0.0463268156424581 0.017849999999999998
6 0.5826396648044693 0.5783 0.04562849162011173 0.084925
6 0.3090083798882682 0.5605749999999999 0.04539106145251397 0.12035
6 0.21729050279329612 0.610575 0.04818435754189944 0.02035
2 0.12779329608938547 0.7286499999999999 0.02979050279329609 0.127325
2 0.2164804469273743 0.725375 0.030265363128491624 0.11259999999999999
2 0.3078491620111732 0.74265 0.02677374301675978 0.15717499999999998
2 0.3993296089385475 0.752025 0.02537709497206704 0.175925
2 0.49185754189944136 0.7518250000000001 0.0335195530726257 0.17217500000000002
2 0.5826396648044693 0.7484999999999999 0.028868715083798884 0.16219999999999998
2 0.6741201117318436 0.7816249999999999 0.027472067039106148 0.22510000000000002
2 0.7654748603351956 0.72515 0.03328212290502793 0.10885
2 0.8566061452513967 0.737025 0.034916201117318434 0.139275
2 0.9485614525139664 0.80015 0.032583798882681564 0.25885