5 0.13883575883575883 0.16756024096385544 0.02043659043659044 0.031927710843373494
5 0.17625779625779625 0.20837349397590363 0.021164241164241163 0.027620481927710844
5 0.1943866943866944 0.24765060240963854 0.019043659043659043 0.024096385542168676
5 0.17536382536382536 0.28518072289156626 0.02372141372141372 0.025843373493975905
5 0.22977130977130977 0.32192771084337346 0.020935550935550936 0.0286144578313253
5 0.24966735966735967 0.24873493975903613 0.021143451143451144 0.02536144578313253
5 0.28725571725571725 0.20939759036144578 0.019937629937629937 0.02969879518072289
5 0.34357588357588353 0.2875602409638554 0.020062370062370063 0.026837349397590363
5 0.30482328482328486 0.32496987951807227 0.021933471933471935 0.02960843373493976
5 0.3983991683991684 0.3996385542168675 0.020727650727650728 0.03120481927710843
5 0.3251143451143451 0.43876506024096384 0.021517671517671515 0.02855421686746988
5 0.2694178794178794 0.47786144578313255 0.02261954261954262 0.030963855421686746
5 0.3785239085239085 0.4774698795180723 0.02022869022869023 0.03144578313253012
5 0.4343035343035343 0.43939759036144577 0.021704781704781705 0.024036144578313254
5 0.47195426195426193 0.4389457831325301 0.018711018711018712 0.028945783132530118
5 0.45407484407484405 0.47740963855421686 0.019604989604989603 0.026265060240963856
5 0.5081081081081081 0.5137349397590362 0.02128898128898129 0.026897590361445782
5 0.5278170478170479 0.4384638554216867 0.01968814968814969 0.026716867469879516
5 0.5656340956340956 0.3996987951807229 0.021205821205821204 0.02873493975903614
5 0.5817463617463617 0.5135843373493976 0.019417879417879418 0.029126506024096385
5 0.6009979209979209 0.5921084337349398 0.019584199584199585 0.028253012048192774
5 0.6583783783783784 0.5927409638554216 0.020103950103950104 0.02698795180722892
5 0.6393555093555093 0.5172289156626506 0.01869022869022869 0.025060240963855424
5 0.6576923076923077 0.4756626506024096 0.019584199584199585 0.029096385542168673
5 0.6933887733887734 0.5608734939759037 0.017754677754677754 0.02135542168674699
5 0.7488981288981289 0.5907530120481927 0.020665280665280665 0.029337349397590362
5 0.692972972972973 0.6294879518072289 0.01952182952182952 0.02849397590361446
5 0.6746569646569647 0.6662650602409638 0.020415800415800416 0.02876506024096386
5 0.7679417879417879 0.6306325301204819 0.020353430353430353 0.029487951807228914
5 0.805072765072765 0.746144578313253 0.019625779625779625 0.024879518072289157
0 0.10247401247401247 0.4955421686746988 0.02079002079002079 0.7960542168674699
0 0.48806652806652806 0.8993072289156626 0.7603118503118502 0.022951807228915662