5 0.16526205450733752 0.5688752556237219 0.030314465408805034 0.026932515337423312
5 0.17861635220125788 0.6351942740286299 0.033165618448637316 0.029222903885480572
5 0.20339622641509433 0.6955828220858895 0.031069182389937108 0.023435582822085892
5 0.2168343815513627 0.707321063394683 0.030293501048218027 0.027648261758691204
5 0.18987421383647798 0.7297955010224949 0.03568134171907757 0.032658486707566464
5 0.2419287211740042 0.6851738241308793 0.030566037735849056 0.028404907975460122
5 0.25228511530398323 0.7047852760736196 0.030985324947589096 0.02867075664621677
5 0.29203354297693923 0.685398773006135 0.031446540880503145 0.030756646216768914
5 0.3939412997903564 0.7115132924335379 0.030000000000000002 0.029468302658486708
5 0.32972746331236896 0.7713905930470347 0.02681341719077568 0.02578732106339468
5 0.3167295597484277 0.7912065439672801 0.031153039832285113 0.025766871165644172
5 0.3448637316561845 0.7823721881390593 0.03134171907756813 0.031370143149284255
5 0.2789517819706499 0.8078936605316973 0.03306079664570231 0.024478527607361966
5 0.22786163522012579 0.8460327198364008 0.030314465408805034 0.027730061349693254
5 0.2666247379454927 0.8519018404907975 0.03165618448637317 0.02621676891615542
5 0.3556394129979035 0.8556032719836401 0.03473794549266247 0.028609406952965235
5 0.43014675052410906 0.8185685071574642 0.027547169811320757 0.025705521472392637
5 0.4553878406708595 0.8343353783231084 0.028280922431865828 0.02674846625766871
5 0.379706498951782 0.7797955010224948 0.03044025157232704 0.03128834355828221
5 0.41834381551362687 0.7748057259713701 0.025241090146750522 0.02822085889570552
5 0.4418029350104822 0.7823926380368098 0.027924528301886794 0.035214723926380365
5 0.4668763102725367 0.7872597137014316 0.029643605870020965 0.028936605316973417
5 0.4941299790356394 0.7589570552147239 0.03215932914046121 0.028916155419222905
5 0.4808805031446541 0.7009815950920245 0.03150943396226415 0.029815950920245398
5 0.5327463312368973 0.7805725971370143 0.031761006289308176 0.02588957055214724
5 0.5167924528301887 0.8025357873210633 0.0329559748427673 0.025766871165644172
5 0.5461006289308177 0.8002453987730062 0.03232704402515723 0.02997955010224949
5 0.620188679245283 0.7671165644171779 0.03136268343815514 0.027341513292433537
5 0.5835849056603774 0.7362576687116564 0.03050314465408805 0.027955010224948874
5 0.5577568134171907 0.6939059304703477 0.03356394129979036 0.03143149284253578
5 0.5948008385744236 0.7066053169734151 0.02758909853249476 0.02971370143149284
5 0.5060796645702306 0.6424335378323108 0.03287211740041929 0.0283640081799591
5 0.40563941299790357 0.6300613496932516 0.03272536687631027 0.02903885480572597
5 0.6462683438155136 0.6664212678936605 0.031132075471698113 0.027443762781186095
5 0.680859538784067 0.7379754601226994 0.027358490566037737 0.02633946830265849
5 0.7063941299790356 0.7295910020449897 0.03129979035639413 0.026584867075664622
5 0.6694549266247379 0.8447443762781186 0.031677148846960164 0.02640081799591002
5 0.6950524109014675 0.8200000000000001 0.031236897274633125 0.024151329243353784
5 0.720041928721174 0.8295092024539877 0.028218029350104822 0.028057259713701432
5 0.7334171907756812 0.8392229038854806 0.03211740041928721 0.0267280163599182
5 0.6082809224318658 0.8830061349693252 0.030020964360587002 0.02989775051124744
5 0.7717819706498952 0.8466666666666667 0.034276729559748434 0.02997955010224949
5 0.7829769392033543 0.8730265848670757 0.030922431865828093 0.02738241308793456
5 0.7586792452830189 0.7811451942740286 0.03259958071278826 0.028916155419222905
5 0.8220125786163522 0.8208997955010225 0.029475890985324948 0.029141104294478526
5 0.8852410901467505 0.8032310838445808 0.031991614255765195 0.03030674846625767
5 0.8450943396226416 0.7674233128834356 0.0349685534591195 0.027505112474437626
5 0.8341299790356395 0.7442740286298568 0.03150943396226415 0.027627811860940696
5 0.859748427672956 0.7121881390593047 0.03331236897274633 0.02705521472392638
5 0.8957442348008385 0.7520858895705521 0.03039832285115304 0.028118609406952964
5 0.910670859538784 0.6895092024539877 0.03161425576519916 0.03204498977505112
5 0.8703354297693919 0.6846830265848671 0.031257861635220124 0.03061349693251534
5 0.7974213836477988 0.6292638036809816 0.0319706498951782 0.028057259713701432
5 0.8087211740041929 0.6406543967280163 0.030649895178197065 0.02503067484662577
5 0.7462893081761006 0.6321676891615542 0.03429769392033543 0.027586912065439673
5 0.6568972746331236 0.5639877300613497 0.0330188679245283 0.027586912065439673
5 0.5683018867924527 0.5602249488752556 0.0339832285115304 0.027893660531697343
5 0.6320125786163523 0.5162372188139059 0.03488469601677149 0.027443762781186095
5 0.3046121593291405 0.4845807770961145 0.03450733752620545 0.03556237218813906
5 0.3690146750524109 0.5037627811860941 0.038490566037735846 0.036748466257668706
0 0.1280293501048218 0.4776482617586912 0.025450733752620545 0.8764212678936605
0 0.5360796645702306 0.9056441717791411 0.8415723270440252 0.026298568507157463