8 0.08670715249662618 0.042 0.058704453441295545 0.058175
0 0.06511470985155196 0.370625 0.020917678812415654 0.5902000000000001
6 0.11352226720647773 0.6433 0.046356275303643724 0.013325
6 0.20635627530364373 0.37770000000000004 0.046383265856950066 0.5474
6 0.29859649122807014 0.48755000000000004 0.046383265856950066 0.32770000000000005
6 0.3913630229419703 0.57685 0.047435897435897434 0.1475
6 0.4845209176788124 0.406725 0.046653171390013494 0.485825
6 0.576693657219973 0.61225 0.0478272604588394 0.0767
6 0.6695006747638327 0.49875 0.04781376518218623 0.30145
6 0.7620107962213225 0.574225 0.04595141700404858 0.153
6 0.8548448043184886 0.486125 0.04477732793522267 0.3292
6 0.9478542510121458 0.40270000000000006 0.04730094466936572 0.49605
2 0.9481916329284751 0.7707999999999999 0.021039136302294197 0.14385
2 0.8560188933873144 0.8027249999999999 0.023562753036437248 0.2046
2 0.7625101214574899 0.7771750000000001 0.02340080971659919 0.1535
2 0.6716869095816465 0.7456999999999999 0.021889338731443993 0.096775
2 0.5779217273954116 0.7806000000000001 0.026261808367071527 0.1666
2 0.48651821862348177 0.78075 0.021889338731443993 0.163775
2 0.3927395411605938 0.7413249999999999 0.026261808367071527 0.08805
2 0.29964912280701755 0.8158249999999999 0.02524966261808367 0.23079999999999998
2 0.20663967611336034 0.7887000000000001 0.02272604588394062 0.18280000000000002
2 0.11253711201079622 0.7581749999999999 0.02642375168690958 0.1217