5 0.2234375 0.33514588859416444 0.01771484375 0.03201591511936339
5 0.29904296875 0.3663129973474801 0.0199609375 0.0293368700265252
5 0.52412109375 0.24228116710875333 0.0196484375 0.0293368700265252
5 0.5250390625 0.30222811671087535 0.0197265625 0.031246684350132625
5 0.75130859375 0.2419893899204244 0.021796875 0.02639257294429708
5 0.826171875 0.21100795755968169 0.01900390625 0.029946949602122012
5 0.3738671875 0.39811671087533157 0.0230078125 0.022811671087533156
5 0.4497265625 0.3670822281167108 0.02025390625 0.022228116710875333
5 0.44974609375 0.42726790450928387 0.01640625 0.028010610079575598
5 0.3741796875 0.4572944297082228 0.01818359375 0.02570291777188329
5 0.298203125 0.519867374005305 0.01791015625 0.025013262599469496
5 0.37357421875 0.5193368700265252 0.02005859375 0.02689655172413793
5 0.4494921875 0.4890716180371353 0.01978515625 0.027798408488063663
5 0.22341796875 0.5527586206896551 0.02087890625 0.027002652519893897
5 0.29791015625 0.6444827586206896 0.020078125 0.02180371352785146
5 0.52474609375 0.6441114058355438 0.0212890625 0.0253315649867374
5 0.60021484375 0.6738726790450928 0.0185546875 0.023421750663129973
5 0.59984375 0.7044827586206895 0.01935546875 0.023156498673740054
5 0.59919921875 0.5507692307692307 0.01806640625 0.022997347480106102
5 0.675390625 0.39618037135278517 0.01833984375 0.025278514588859415
5 0.6751953125 0.4281167108753316 0.0202734375 0.023474801061007956
5 0.74986328125 0.3974270557029178 0.02060546875 0.02249336870026525
5 0.74986328125 0.36633952254641916 0.02169921875 0.02180371352785146
5 0.8250390625 0.4283554376657825 0.0196484375 0.023952254641909813
5 0.9009375 0.5185676392572944 0.01853515625 0.023209549071618037
5 0.90099609375 0.6118037135278515 0.02099609375 0.0253315649867374
5 0.901171875 0.6740318302387268 0.018984375 0.02689655172413793
5 0.8256640625 0.6443766578249337 0.02017578125 0.02262599469496021
5 0.223515625 0.7056233421750663 0.01953125 0.02336870026525199
0 0.0714453125 0.4593103448275862 0.013359375 0.7510875331564988
0 0.5268359375 0.8306631299734749 0.90974609375 0.01676392572944297