5 0.6767529880478088 0.22809374999999998 0.03039840637450199 0.04828125
5 0.6503784860557769 0.30240625 0.032151394422310756 0.04234375
5 0.5075697211155379 0.37756249999999997 0.03796812749003984 0.047875
5 0.392788844621514 0.4828125 0.03422310756972111 0.04984375
5 0.3293027888446215 0.48171875000000003 0.025677290836653387 0.02996875
5 0.35185258964143423 0.5361875 0.019999999999999997 0.03434375
5 0.31121513944223106 0.5321875 0.024342629482071713 0.0301875
5 0.28784860557768926 0.5505625000000001 0.024083665338645418 0.02759375
5 0.28272908366533867 0.57246875 0.022729083665338646 0.0265625
5 0.28025896414342627 0.596 0.023505976095617533 0.0311875
5 0.2939641434262948 0.62834375 0.022370517928286853 0.03640625
0 0.2000996015936255 0.46875 0.02354581673306773 0.68465625
0 0.5795019920318726 0.80753125 0.7533466135458168 0.0411875