5 0.27962421711899793 0.07933497536945813 0.02361169102296451 0.02374384236453202
5 0.21782881002087684 0.24086206896551726 0.02321503131524008 0.023201970443349755
5 0.367160751565762 0.253448275862069 0.020396659707724425 0.025935960591133005
5 0.26288100208768267 0.2918226600985222 0.020981210855949898 0.025541871921182263
5 0.21231732776617954 0.32844827586206893 0.01764091858037578 0.019334975369458128
5 0.2515240083507307 0.34761083743842364 0.019144050104384133 0.019926108374384237
5 0.26384133611691024 0.4072906403940887 0.018601252609603342 0.016453201970443348
5 0.25467640918580375 0.4237192118226601 0.01997912317327766 0.017980295566502463
5 0.11488517745302715 0.43135467980295567 0.021503131524008352 0.024408866995073893
5 0.34373695198329857 0.47995073891625617 0.01776617954070981 0.018793103448275863
5 0.37653444676409187 0.4611576354679803 0.01803757828810021 0.022192118226600985
5 0.4144050104384134 0.5070197044334975 0.018893528183716077 0.02477832512315271
5 0.4414405010438413 0.510320197044335 0.01849686847599165 0.024162561576354682
5 0.37087682672233824 0.5633990147783251 0.01962421711899791 0.023497536945812806
5 0.4017954070981211 0.6131773399014778 0.017515657620041754 0.019507389162561575
5 0.43160751565762007 0.658423645320197 0.02062630480167015 0.018448275862068965
5 0.398705636743215 0.6866009852216749 0.02085594989561587 0.021822660098522167
5 0.2987473903966597 0.7634729064039409 0.016263048016701462 0.020591133004926106
5 0.34206680584551147 0.7686945812807882 0.017160751565762005 0.01980295566502463
5 0.3922546972860125 0.7666256157635468 0.017473903966597076 0.019630541871921182
5 0.40093945720250523 0.7789901477832512 0.01755741127348643 0.01706896551724138
5 0.4221711899791232 0.7974630541871921 0.01674321503131524 0.020270935960591135
5 0.39997912317327766 0.8090147783251231 0.017453027139874736 0.024162561576354682
5 0.3378079331941545 0.8579802955665023 0.018162839248434235 0.016083743842364533
5 0.3407933194154489 0.8707635467980295 0.016805845511482256 0.017561576354679802
5 0.3761795407098121 0.8640394088669952 0.021377870563674323 0.022561576354679803
5 0.4858872651356994 0.8330541871921183 0.020313152400835074 0.021625615763546796
5 0.4405010438413361 0.709064039408867 0.019373695198329852 0.024187192118226602
5 0.48958246346555323 0.6909852216748769 0.021565762004175367 0.021724137931034483
5 0.5151148225469728 0.6389162561576354 0.018183716075156578 0.019605911330049262
5 0.48336116910229643 0.6014532019704434 0.018663883089770354 0.020123152709359604
5 0.49336116910229644 0.7405911330049261 0.018225469728601253 0.01980295566502463
5 0.5547181628392484 0.5910837438423645 0.018434237995824634 0.021059113300492614
5 0.5866388308977035 0.5789408866995074 0.014237995824634656 0.020862068965517244
0 0.08227557411273485 0.478128078817734 0.01964509394572025 0.8722167487684729
0 0.5403340292275574 0.9171182266009853 0.9087473903966597 0.03477832512315271