5 0.124296875 0.20056250000000003 0.0207421875 0.038406249999999996
5 0.1467578125 0.19878125 0.023359375 0.03484375
5 0.1790234375 0.0920625 0.02275390625 0.03728125
5 0.2431640625 0.142625 0.0246484375 0.03646875
5 0.19642578125 0.29646875 0.024921875 0.04034375
5 0.2303515625 0.33387500000000003 0.0239453125 0.04109375
5 0.26421875 0.4336875 0.0228515625 0.0394375
5 0.2862109375 0.47434374999999995 0.0229296875 0.039125
5 0.31353515625 0.49140625 0.024140625 0.0409375
5 0.41158203125 0.38553125 0.0244140625 0.03425
5 0.40421875 0.43571875000000004 0.0239453125 0.03403125
5 0.41462890625 0.47884374999999996 0.026953125 0.031
5 0.3398046875 0.47565625 0.024453125 0.034125
5 0.35748046875 0.49000000000000005 0.02205078125 0.028625
5 0.34119140625 0.5286875 0.02486328125 0.03571875
5 0.45349609375 0.54453125 0.0216015625 0.02375
5 0.45322265625 0.56428125 0.0258203125 0.025312499999999998
5 0.45740234375 0.58575 0.02875 0.02834375
5 0.40759765625 0.6528125 0.02240234375 0.04471875
5 0.44728515625 0.6700625 0.02107421875 0.0260625
5 0.46611328125 0.65821875 0.02072265625 0.03275
5 0.4741015625 0.6733125 0.0214453125 0.026875
5 0.47458984375 0.70121875 0.02759765625 0.02971875
5 0.52103515625 0.73 0.02533203125 0.0378125
5 0.51115234375 0.67025 0.02537109375 0.03975
5 0.502578125 0.6066874999999999 0.02720703125 0.034125
5 0.522578125 0.544125 0.022109375 0.03621875
5 0.5612109375 0.6334375 0.02166015625 0.04209375
5 0.77912109375 0.68503125 0.0265625 0.037
5 0.75931640625 0.81503125 0.02439453125 0.03496875
5 0.791328125 0.8161875000000001 0.0243359375 0.044875
0 0.09099609375 0.44956250000000003 0.0221875 0.8366562500000001
0 0.45498046875 0.85725 0.75017578125 0.0213125