5 0.19474609375 0.8288537549407115 0.0229296875 0.03944664031620553
5 0.34267578125 0.6526086956521739 0.02111328125 0.04739130434782609
5 0.36248046875 0.6591699604743083 0.020390625 0.04695652173913044
5 0.59896484375 0.6714229249011858 0.02376953125 0.04794466403162056
5 0.54404296875 0.5497233201581028 0.02162109375 0.04652173913043478
5 0.54634765625 0.43968379446640315 0.02466796875 0.04509881422924901
5 0.61875 0.49343873517786563 0.02126953125 0.045019762845849805
5 0.61638671875 0.42569169960474307 0.02017578125 0.0441106719367589
5 0.64595703125 0.43814229249011855 0.023203125 0.04675889328063241
5 0.69548828125 0.4435573122529644 0.021015625 0.041620553359683794
5 0.71158203125 0.4689723320158103 0.019375 0.03936758893280633
5 0.69404296875 0.48889328063241105 0.02240234375 0.03841897233201581
5 0.8730078125 0.42237154150197626 0.02498046875 0.05059288537549407
5 0.79947265625 0.23711462450592885 0.02169921875 0.047588932806324105
5 0.81234375 0.20861660079051383 0.0247265625 0.04529644268774704
5 0.82349609375 0.14525691699604742 0.0254296875 0.03893280632411067
0 0.0721875 0.4566798418972332 0.01326171875 0.8201581027667985
0 0.52734375 0.8427272727272728 0.91796875 0.03106719367588933