5 0.25291015625 0.6526829268292683 0.02076171875 0.026720867208672085
5 0.25189453125 0.6885636856368564 0.02046875 0.025013550135501356
5 0.27078125 0.7273170731707317 0.02091796875 0.026666666666666665
5 0.25154296875 0.7633062330623307 0.021484375 0.026422764227642278
5 0.27173828125 0.7631165311653116 0.0196875 0.028455284552845527
5 0.28658203125 0.6891327913279133 0.01953125 0.027398373983739836
5 0.30564453125 0.689810298102981 0.0178125 0.028726287262872626
5 0.30423828125 0.6528184281842818 0.01841796875 0.026991869918699188
5 0.32357421875 0.6518428184281843 0.01841796875 0.02861788617886179
5 0.32361328125 0.6129539295392954 0.01896484375 0.021897018970189704
5 0.3419921875 0.6123848238482384 0.0180078125 0.02677506775067751
5 0.358125 0.6126016260162602 0.01787109375 0.0308130081300813
5 0.34123046875 0.5762330623306233 0.020390625 0.027371273712737128
5 0.377109375 0.5753116531165311 0.01923828125 0.027317073170731707
5 0.39380859375 0.5749864498644986 0.020234375 0.025392953929539292
5 0.4133984375 0.6121138211382114 0.0189453125 0.02867208672086721
5 0.4130859375 0.6500813008130081 0.0207421875 0.02753387533875339
5 0.37734375 0.6492682926829269 0.02017578125 0.02953929539295393
5 0.36025390625 0.6884552845528455 0.01853515625 0.024823848238482386
5 0.37748046875 0.6890514905149051 0.02080078125 0.02840108401084011
5 0.448203125 0.6138482384823848 0.0190625 0.028509485094850948
5 0.44890625 0.5764227642276423 0.022265625 0.024688346883468833
5 0.4298828125 0.5384010840108401 0.01892578125 0.026910569105691055
5 0.43009765625 0.5015718157181572 0.01970703125 0.026693766937669377
5 0.4853515625 0.5376964769647696 0.01880859375 0.025474254742547428
5 0.48453125 0.5017344173441735 0.02189453125 0.0270189701897019
5 0.4671484375 0.46439024390243905 0.02232421875 0.02821138211382114
5 0.51849609375 0.46149051490514903 0.02251953125 0.027208672086720866
5 0.5033203125 0.38574525745257454 0.01744140625 0.027398373983739836
5 0.52048828125 0.38609756097560977 0.01681640625 0.026883468834688347
5 0.503046875 0.350189701897019 0.01947265625 0.024932249322493223
5 0.5565234375 0.35016260162601626 0.01814453125 0.022845528455284553
5 0.57380859375 0.38742547425474255 0.01830078125 0.025257452574525746
5 0.5931640625 0.3870189701897019 0.018359375 0.022249322493224935
5 0.59171875 0.42558265582655824 0.01783203125 0.025691056910569107
5 0.60970703125 0.42528455284552846 0.01712890625 0.02563685636856369
5 0.628984375 0.42558265582655824 0.01986328125 0.025149051490514905
5 0.610703125 0.4627371273712737 0.01828125 0.026829268292682926
5 0.61029296875 0.35081300813008126 0.0213671875 0.022520325203252034
5 0.628359375 0.3853929539295393 0.01919921875 0.02766937669376694
5 0.53896484375 0.31289972899728996 0.01740234375 0.023631436314363145
5 0.55720703125 0.3122222222222222 0.0172265625 0.024471544715447154
5 0.5753125 0.3119241192411924 0.01619140625 0.027073170731707317
5 0.537578125 0.2748238482384824 0.01810546875 0.027127371273712737
5 0.53814453125 0.23734417344173442 0.0173046875 0.024281842818428188
5 0.5568359375 0.2359891598915989 0.01916015625 0.02214092140921409
5 0.64619140625 0.4631436314363144 0.01935546875 0.023821138211382112
5 0.68083984375 0.46216802168021676 0.0183984375 0.024065040650406506
5 0.64560546875 0.5011382113821138 0.0201171875 0.025582655826558266
5 0.66544921875 0.49869918699186994 0.0175390625 0.027208672086720866
5 0.6980859375 0.5017344173441735 0.018828125 0.024065040650406506
5 0.718125 0.4998373983739837 0.01958984375 0.023523035230352304
5 0.7179296875 0.5399999999999999 0.01986328125 0.025799457994579944
5 0.6640234375 0.5770731707317073 0.01908203125 0.027859078590785905
5 0.6989453125 0.5753387533875339 0.018515625 0.025501355013550137
5 0.71755859375 0.5745257452574526 0.0183984375 0.026016260162601626
5 0.75302734375 0.5002168021680217 0.01935546875 0.0270189701897019
5 0.7889453125 0.4637940379403794 0.01734375 0.026747967479674794
5 0.77015625 0.5386720867208672 0.021796875 0.029647696476964767
5 0.77107421875 0.5763143631436314 0.02064453125 0.025284552845528455
5 0.78912109375 0.6144715447154472 0.01962890625 0.027289972899729
5 0.7350390625 0.6151219512195122 0.02048828125 0.024823848238482386
5 0.73474609375 0.6510298102981029 0.0207421875 0.027804878048780488
5 0.8078125 0.65289972899729 0.01916015625 0.025582655826558266
5 0.8069140625 0.6888888888888889 0.01853515625 0.028726287262872626
5 0.806796875 0.7281029810298103 0.017109375 0.023658536585365854
5 0.825625 0.6886720867208672 0.01943359375 0.027750677506775068
5 0.82546875 0.7276151761517615 0.01775390625 0.025420054200542008
5 0.84416015625 0.726639566395664 0.0187109375 0.026178861788617887
5 0.82525390625 0.7663956639566396 0.0184765625 0.02929539295392954
5 0.84384765625 0.7668292682926828 0.0181640625 0.030704607046070462
0 0.071953125 0.46642276422764234 0.01849609375 0.7844715447154472
0 0.5206640625 0.844390243902439 0.91591796875 0.025663956639566398