5 0.38683266932270916 0.3123839009287926 0.02595617529880478 0.03712074303405573
5 0.4579282868525896 0.3718266253869969 0.03039840637450199 0.03928792569659442
5 0.45886454183266934 0.42594427244582045 0.02657370517928287 0.03681114551083591
5 0.42280876494023906 0.4486377708978328 0.025677290836653387 0.039380804953560375
5 0.5308167330677291 0.3817956656346749 0.024123505976095617 0.02674922600619195
5 0.5293227091633467 0.35650154798761613 0.02591633466135458 0.02931888544891641
5 0.5649003984063745 0.34266253869969043 0.022948207171314742 0.03411764705882353
5 0.6024103585657371 0.3403715170278638 0.02099601593625498 0.02808049535603715
5 0.6024701195219123 0.36071207430340557 0.023844621513944224 0.02148606811145511
5 0.6033466135458168 0.2859752321981424 0.022908366533864542 0.03297213622291022
5 0.7435059760956175 0.24891640866873066 0.026713147410358566 0.03414860681114551
0 0.16252988047808767 0.45455108359133123 0.038944223107569724 0.7120743034055728
0 0.5600398406374502 0.7958204334365325 0.8230677290836653 0.060526315789473685