5 0.18667359667359668 0.16585443037974681 0.02264033264033264 0.03123417721518987
5 0.2279002079002079 0.2520253164556962 0.02226611226611227 0.03325949367088608
5 0.2711226611226611 0.32569620253164555 0.02056133056133056 0.0330379746835443
5 0.3141164241164241 0.4562025316455696 0.021954261954261957 0.033860759493670886
5 0.35395010395010396 0.4913607594936709 0.021455301455301456 0.029050632911392406
5 0.39384615384615385 0.5044303797468355 0.02282744282744283 0.028386075949367092
5 0.4377130977130977 0.5596835443037975 0.022432432432432432 0.03287974683544304
5 0.47904365904365903 0.6835126582278481 0.018752598752598753 0.029778481012658228
5 0.5209355509355509 0.6685759493670886 0.021434511434511437 0.029398734177215186
5 0.5623076923076924 0.6857911392405064 0.020478170478170476 0.03158227848101266
5 0.6022037422037423 0.7353481012658228 0.02185031185031185 0.03417721518987342
5 0.6446361746361746 0.7475 0.01945945945945946 0.03161392405063291
5 0.6874220374220373 0.6916455696202531 0.02397089397089397 0.02930379746835443
5 0.7272557172557172 0.8126898734177215 0.01991683991683992 0.030537974683544303
5 0.7695426195426195 0.8399683544303798 0.019896049896049896 0.02740506329113924
5 0.8105405405405406 0.8181012658227848 0.02081081081081081 0.030632911392405062
5 0.8513513513513513 0.8043354430379747 0.019604989604989603 0.03265822784810127
5 0.8937422037422037 0.8370253164556962 0.022453222453222454 0.02693037974683544
5 0.9351143451143451 0.8194620253164556 0.023264033264033264 0.030696202531645567
0 0.08835758835758836 0.4890822784810127 0.021725571725571723 0.7968987341772151
0 0.532972972972973 0.8824683544303797 0.8996465696465696 0.030221518987341774