3 0.556930693069307 0.47917499999999996 0.3822772277227723 0.158325
0 0.12004950495049505 0.47832500000000006 0.022821782178217825 0.789075
5 0.16433168316831684 0.158325 0.031633663366336634 0.033325
5 0.3252227722772277 0.11735 0.02613861386138614 0.03195
5 0.47717821782178216 0.17707499999999998 0.022004950495049507 0.0264
5 0.6401237623762377 0.34722499999999995 0.023366336633663366 0.027774999999999998
5 0.7920792079207921 0.615275 0.022004950495049507 0.038900000000000004
5 0.8725247524752475 0.7889 0.023366336633663366 0.025
5 0.9460891089108912 0.8409749999999999 0.03024752475247525 0.03195
5 0.7123267326732673 0.8208249999999999 0.0275 0.03055
5 0.5562376237623763 0.7895749999999999 0.031633663366336634 0.04305
5 0.40153465346534656 0.7757 0.038514851485148514 0.0236
5 0.24613861386138614 0.78265 0.038514851485148514 0.029175
5 0.16846534653465348 0.785425 0.031633663366336634 0.040275
0 0.5668316831683168 0.87965 0.8575247524752475 0.0336