3 0.1629402985074627 0.4736 0.1782686567164179 0.40832500000000005
0 0.0708955223880597 0.46765 0.013432835820895522 0.7971250000000001
5 0.11691044776119403 0.116675 0.014925373134328358 0.025
5 0.20025373134328356 0.1507 0.01408955223880597 0.020825
5 0.20025373134328356 0.1243 0.01408955223880597 0.01805
5 0.20025373134328356 0.1757 0.010776119402985075 0.020825
5 0.2835820895522388 0.22917500000000002 0.013268656716417911 0.022225
5 0.284 0.133325 0.010776119402985075 0.022225
5 0.36732835820895526 0.141675 0.011611940298507463 0.0111
5 0.3652537313432836 0.183325 0.009119402985074628 0.025
5 0.36856716417910446 0.2868 0.012432835820895523 0.01805
5 0.45149253731343286 0.34375 0.012432835820895523 0.020825
5 0.534820895522388 0.39722499999999994 0.011611940298507463 0.025
5 0.6194029850746269 0.45695 0.009955223880597015 0.022225
5 0.7027313432835821 0.520825 0.009119402985074628 0.022225
5 0.7852388059701493 0.5715250000000001 0.011611940298507463 0.01805
5 0.8706417910447761 0.6291749999999999 0.008298507462686566 0.027774999999999998
5 0.8685671641791045 0.8243 0.009119402985074628 0.0125
5 0.7014925373134329 0.8256999999999999 0.009955223880597015 0.01805
5 0.6160895522388059 0.8416750000000001 0.011611940298507463 0.022225
5 0.5344179104477612 0.828475 0.010776119402985075 0.020825
5 0.451910447761194 0.7472249999999999 0.011611940298507463 0.022225
5 0.4539850746268657 0.83125 0.01408955223880597 0.0236
5 0.3677462686567164 0.83265 0.010776119402985075 0.015275
5 0.5352388059701493 0.8465250000000001 0.012432835820895523 0.01805
5 0.3656716417910448 0.7 0.009955223880597015 0.022225
5 0.4539850746268657 0.675 0.012432835820895523 0.0139
5 0.5356567164179105 0.6208250000000001 0.013268656716417911 0.022225
5 0.6173283582089553 0.56735 0.012432835820895523 0.020825
5 0.6173283582089553 0.2 0.01408955223880597 0.016675
5 0.5335820895522388 0.158325 0.009119402985074628 0.027774999999999998
5 0.4510746268656717 0.1868 0.013268656716417911 0.020825
5 0.7048059701492537 0.185425 0.013268656716417911 0.020825
5 0.7852388059701493 0.18195 0.013268656716417911 0.022225
5 0.8677462686567164 0.19235 0.015761194029850746 0.0236
5 0.8673283582089553 0.377775 0.014925373134328358 0.022225
5 0.7848208955223881 0.45555 0.015761194029850746 0.019450000000000002
5 0.8685671641791045 0.47015 0.015761194029850746 0.03195
5 0.19941791044776122 0.8041750000000001 0.015761194029850746 0.0361
5 0.11691044776119403 0.809025 0.011611940298507463 0.020825
5 0.2827462686567164 0.8368000000000001 0.014925373134328358 0.020825
5 0.284 0.725 0.01907462686567164 0.025
5 0.2827462686567164 0.5909749999999999 0.014925373134328358 0.0236
5 0.3694029850746269 0.6507 0.012432835820895523 0.029175
5 0.5335820895522388 0.591675 0.015761194029850746 0.022225
5 0.7852388059701493 0.516675 0.014925373134328358 0.025
0 0.5402985074626866 0.8813249999999999 0.9193880597014925 0.030825