0 0.11595833333333333 0.4678 0.030083333333333333 0.779075
3 0.2557916666666667 0.48055 0.2685208333333333 0.447225
5 0.15797916666666667 0.11042500000000001 0.0289375 0.03195
5 0.38889583333333333 0.227775 0.02314583333333333 0.03055
5 0.5023125 0.266675 0.018520833333333334 0.03055
5 0.6192083333333334 0.23125 0.018520833333333334 0.0236
5 0.728 0.26945 0.018520833333333334 0.019450000000000002
5 0.7239583333333334 0.410425 0.017354166666666667 0.0264
5 0.7268541666666667 0.6486 0.013895833333333333 0.019450000000000002
5 0.7256874999999999 0.76875 0.018520833333333334 0.020825
5 0.4994166666666667 0.7159749999999999 0.017354166666666667 0.01805
5 0.4971041666666667 0.5736 0.017354166666666667 0.025
5 0.38425 0.8041750000000001 0.02314583333333333 0.027774999999999998
5 0.8350624999999999 0.7639 0.017354166666666667 0.019450000000000002
5 0.8402708333333333 0.47985 0.02314583333333333 0.029175
5 0.8414375 0.283325 0.025458333333333336 0.03055
5 0.9542916666666666 0.17707499999999998 0.019666666666666666 0.0236
5 0.6151666666666666 0.389575 0.022000000000000002 0.0264
5 0.9542916666666666 0.6007 0.022000000000000002 0.0236
5 0.49768749999999995 0.31875 0.02314583333333333 0.0264
5 0.38425 0.177775 0.018520833333333334 0.022225
5 0.272 0.20765 0.02314583333333333 0.0236
5 0.27256250000000004 0.14375 0.022000000000000002 0.0264
5 0.26966666666666667 0.1743 0.02314583333333333 0.020825
5 0.4994166666666667 0.18125 0.019666666666666666 0.020825
5 0.5017291666666667 0.20765 0.019666666666666666 0.0264
5 0.274875 0.84235 0.015041666666666667 0.020825
5 0.16145833333333334 0.8347249999999999 0.015041666666666667 0.03055
0 0.5649375 0.8775499999999999 0.870125 0.025025