3 0.14153532608695651 0.48125 0.14567934782608696 0.40417499999999995
0 0.06642663043478261 0.46862499999999996 0.015706521739130435 0.790725
5 0.11058423913043479 0.1257 0.014347826086956523 0.0236
5 0.23248641304347828 0.1368 0.012078804347826088 0.029175
5 0.2925 0.12015 0.014347826086956523 0.0264
5 0.35099184782608694 0.2236 0.010570652173913044 0.0139
5 0.412133152173913 0.24234999999999998 0.010570652173913044 0.0236
5 0.4717663043478261 0.11875 0.01358695652173913 0.03195
5 0.4740353260869565 0.29515 0.010570652173913044 0.029175
5 0.5310190217391304 0.33265 0.012826086956521739 0.020825
5 0.5895244565217391 0.3236 0.018111413043478262 0.022225
5 0.6525543478260869 0.18265 0.015855978260869565 0.020825
5 0.7118070652173912 0.409025 0.010570652173913044 0.01805
5 0.7710597826086957 0.37152500000000005 0.009809782608695652 0.029175
5 0.8291847826086957 0.146525 0.008301630434782608 0.020825
5 0.8329619565217391 0.50625 0.012826086956521739 0.01805
5 0.8914538043478261 0.3139 0.012078804347826088 0.016675
5 0.9529755434782609 0.1368 0.014347826086956523 0.020825
5 0.9514673913043478 0.5284749999999999 0.015855978260869565 0.03195
5 0.9522146739130435 0.7757 0.012826086956521739 0.029175
5 0.8918342391304348 0.8375 0.012826086956521739 0.025
5 0.7725679347826088 0.677075 0.015855978260869565 0.020825
5 0.7106793478260869 0.84375 0.011317934782608697 0.0264
5 0.5914130434782608 0.84235 0.014347826086956523 0.020825
5 0.5283831521739131 0.791675 0.015095108695652172 0.025
5 0.4117663043478261 0.8465250000000001 0.014347826086956523 0.020825
5 0.3498641304347826 0.802075 0.012826086956521739 0.01805
5 0.2913586956521739 0.74235 0.012078804347826088 0.015275
5 0.3528804347826087 0.6507 0.015855978260869565 0.01805
5 0.35213315217391306 0.55485 0.009809782608695652 0.01805
5 0.4717663043478261 0.5597249999999999 0.010570652173913044 0.016675
5 0.5970652173913044 0.508325 0.016603260869565217 0.033325
5 0.6544429347826087 0.5125 0.012078804347826088 0.022225
5 0.5291304347826087 0.5666749999999999 0.01358695652173913 0.025
5 0.23248641304347828 0.5757 0.018111413043478262 0.0264
5 0.11171195652173913 0.816675 0.018111413043478262 0.025
5 0.1728532608695652 0.8125 0.015095108695652172 0.033325
5 0.23021739130434782 0.839575 0.015095108695652172 0.0236
5 0.29099184782608695 0.79305 0.018872282608695654 0.03055
5 0.3513722826086957 0.8375 0.014347826086956523 0.025
5 0.47101902173913046 0.8347249999999999 0.016603260869565217 0.027774999999999998
5 0.7106793478260869 0.79515 0.014347826086956523 0.0236
5 0.8295652173913043 0.847225 0.01358695652173913 0.022225
5 0.8325815217391304 0.722925 0.015095108695652172 0.0264
5 0.7114266304347826 0.640975 0.012826086956521739 0.03195
5 0.4136413043478261 0.16667500000000002 0.024157608695652175 0.0361
5 0.7714402173913043 0.134725 0.019619565217391305 0.033325
5 0.9522146739130435 0.260425 0.015855978260869565 0.0264
0 0.5382744565217391 0.877975 0.9234510869565217 0.024175