0 0.08048013245033113 0.471275 0.014900662251655629 0.7899250000000001
3 0.8840066225165564 0.80625 0.2319701986754967 0.3875
5 0.11405629139072848 0.115275 0.02206953642384106 0.03055
5 0.18579470198675496 0.19305 0.014718543046357616 0.025
5 0.22350993377483444 0.197225 0.014718543046357616 0.019450000000000002
5 0.2612251655629139 0.16667500000000002 0.012880794701986756 0.025
5 0.3329635761589404 0.19375 0.014718543046357616 0.01805
5 0.3007781456953642 0.25625 0.0202317880794702 0.03195
5 0.2966390728476821 0.31735 0.017483443708609273 0.029175
5 0.37067880794701985 0.308325 0.016556291390728478 0.016675
5 0.4060927152317881 0.21805 0.01195364238410596 0.019450000000000002
5 0.4074668874172186 0.434725 0.014718543046357616 0.027774999999999998
5 0.4433443708609271 0.358325 0.016556291390728478 0.016675
5 0.5146192052980132 0.25832499999999997 0.013791390728476821 0.016675
5 0.5891225165562913 0.28957499999999997 0.017483443708609273 0.020825
5 0.5877483443708609 0.260425 0.018394039735099336 0.020825
5 0.6627152317880795 0.215975 0.017483443708609273 0.0264
5 0.7339900662251655 0.16875 0.018394039735099336 0.0264
5 0.6967384105960265 0.1632 0.021158940397350993 0.029175
5 0.7362913907284768 0.3382 0.01932119205298013 0.034725
5 0.6617880794701987 0.3125 0.01932119205298013 0.03055
5 0.5527980132450331 0.347925 0.016556291390728478 0.0264
5 0.48197019867549673 0.3889 0.0202317880794702 0.025
5 0.5928145695364239 0.4764 0.01932119205298013 0.03055
5 0.6995033112582781 0.5611 0.015629139072847683 0.0361
5 0.7326158940397351 0.6875 0.015629139072847683 0.033325
5 0.6990397350993378 0.7389 0.016556291390728478 0.019450000000000002
5 0.3334271523178808 0.5639 0.021158940397350993 0.03055
5 0.29387417218543044 0.6264 0.017483443708609273 0.027774999999999998
5 0.19132450331125828 0.6895749999999999 0.016556291390728478 0.03195
5 0.22258278145695365 0.8361 0.016556291390728478 0.03055
5 0.298476821192053 0.822925 0.022996688741721855 0.03195
5 0.3697516556291391 0.82015 0.02390728476821192 0.0236
5 0.44839403973509934 0.8034749999999999 0.013791390728476821 0.0375
5 0.5155463576158941 0.725 0.017483443708609273 0.019450000000000002
5 0.5537086092715232 0.7194499999999999 0.016556291390728478 0.022225
5 0.5900496688741722 0.7631999999999999 0.01932119205298013 0.034725
5 0.6273013245033112 0.8382 0.018394039735099336 0.03195
5 0.701341059602649 0.8389 0.01932119205298013 0.027774999999999998
5 0.5868211920529801 0.6368 0.0202317880794702 0.029175
5 0.5150827814569536 0.552075 0.018394039735099336 0.03195
5 0.4433443708609271 0.6159749999999999 0.014718543046357616 0.03195
5 0.2570860927152318 0.5992999999999999 0.022996688741721855 0.0236
5 0.2612251655629139 0.67015 0.014718543046357616 0.020825
5 0.11496688741721854 0.8354250000000001 0.014718543046357616 0.0264
5 0.15177152317880796 0.76875 0.018394039735099336 0.0264
5 0.15177152317880796 0.797225 0.016556291390728478 0.022225
5 0.15038079470198676 0.825 0.01932119205298013 0.022225
5 0.5877483443708609 0.8416750000000001 0.027599337748344374 0.027774999999999998
0 0.4276986754966887 0.8802 0.673658940397351 0.023075000000000002