3 0.914083850931677 0.5007 0.17184782608695653 0.215275
0 0.07281055900621118 0.4721 0.019316770186335402 0.7949250000000001
5 0.25534161490683227 0.22640000000000002 0.018975155279503105 0.025
5 0.3567080745341615 0.279175 0.0146583850931677 0.025
5 0.4537577639751553 0.35417499999999996 0.018975155279503105 0.038900000000000004
5 0.5486490683229813 0.3868 0.018975155279503105 0.034725
5 0.64527950310559 0.46735 0.024161490683229814 0.04305
5 0.6965993788819876 0.5125 0.012934782608695652 0.016675
5 0.6948757763975155 0.5375 0.01812111801242236 0.025
5 0.744472049689441 0.54375 0.013804347826086957 0.03195
5 0.7423291925465838 0.5236 0.01812111801242236 0.025
5 0.794083850931677 0.5743 0.019844720496894407 0.0236
5 0.7923602484472049 0.55485 0.019844720496894407 0.0264
5 0.7958074534161491 0.672225 0.019844720496894407 0.027774999999999998
5 0.6461335403726708 0.715275 0.017251552795031055 0.022225
5 0.549083850931677 0.777075 0.0146583850931677 0.03195
5 0.4994875776397516 0.75765 0.017251552795031055 0.015275
5 0.3998447204968944 0.7409749999999999 0.011211180124223601 0.0264
5 0.30538819875776396 0.8014 0.020698757763975156 0.033325
5 0.20833850931677017 0.84235 0.019844720496894407 0.029175
5 0.1112888198757764 0.5486 0.025885093167701868 0.027774999999999998
5 0.210916149068323 0.5236 0.023291925465838508 0.025
5 0.30883540372670804 0.5111 0.013804347826086957 0.019450000000000002
5 0.4080434782608695 0.50695 0.020698757763975156 0.019450000000000002
5 0.5059472049689441 0.509725 0.019844720496894407 0.033325
5 0.6012732919254659 0.515275 0.018975155279503105 0.027774999999999998
0 0.45945652173913043 0.8809 0.7453416149068323 0.02835