0 0.10991023339317774 0.42665 0.024344703770197488 0.69525
3 0.5126750448833034 0.947925 0.2992280071813285 0.0625
5 0.35157989228007186 0.64235 0.016947935368043086 0.03195
5 0.5550628366247756 0.546525 0.020951526032315978 0.029175
5 0.7500538599640934 0.44235 0.019946140035906643 0.0236
5 0.9535188509874327 0.34445 0.021938958707360862 0.027774999999999998
5 0.1526032315978456 0.745825 0.021938958707360862 0.038900000000000004
5 0.5515619389587074 0.11109999999999999 0.019946140035906643 0.03055
5 0.3510951526032316 0.74375 0.029928186714542192 0.029175
5 0.7505565529622981 0.7479250000000001 0.028922800718132854 0.029175
5 0.9530161579892281 0.7472249999999999 0.022944344703770197 0.03055
0 0.5584380610412927 0.7816 0.8723339317773788 0.025849999999999998