0 0.07589586523736601 0.47609999999999997 0.01566615620214395 0.799075
3 0.2522511485451761 0.825 0.31393568147013784 0.075
5 0.11868300153139356 0.12359999999999999 0.021271056661562024 0.033325
5 0.22418070444104132 0.120825 0.01787136294027565 0.027774999999999998
5 0.32542113323124044 0.11875 0.01787136294027565 0.0264
5 0.4296477794793262 0.11320000000000001 0.01701378254211332 0.03195
5 0.5338591117917305 0.115975 0.01445635528330781 0.029175
5 0.6393568147013783 0.127775 0.01787136294027565 0.0139
5 0.743583460949464 0.13055 0.022113323124042877 0.025
5 0.852894333843798 0.140975 0.011056661562021439 0.0236
5 0.952863705972435 0.14859999999999998 0.018713629402756508 0.03055
5 0.9503215926493108 0.8368000000000001 0.01701378254211332 0.029175
5 0.8469525267993874 0.8416750000000001 0.01445635528330781 0.03055
5 0.7422970903522206 0.81875 0.01787136294027565 0.03195
0 0.5462021439509954 0.8785250000000001 0.9076110260336906 0.029750000000000002