0 0.0638200782268579 0.47375 0.011734028683181226 0.790475
3 0.9159061277705346 0.2389 0.1484876140808344 0.3139
5 0.10683181225554107 0.122225 0.012307692307692308 0.025
5 0.10683181225554107 0.1493 0.012307692307692308 0.0236
5 0.1513820078226858 0.11320000000000001 0.011590612777053456 0.0236
5 0.19629726205997391 0.1618 0.011590612777053456 0.0236
5 0.1970143415906128 0.191675 0.014485006518904824 0.025
5 0.28538461538461535 0.228475 0.010143415906127771 0.0236
5 0.33065189048239896 0.29305 0.009413298565840939 0.019450000000000002
5 0.4201043024771839 0.3118 0.010143415906127771 0.020825
5 0.4639243807040417 0.3986 0.010860495436766624 0.022225
5 0.5113689700130378 0.3625 0.010143415906127771 0.022225
5 0.5964797913950456 0.370825 0.010860495436766624 0.022225
5 0.5975619295958279 0.510425 0.010143415906127771 0.0264
5 0.6870143415906128 0.415975 0.007966101694915255 0.0236
5 0.6866623207301172 0.5402750000000001 0.011590612777053456 0.025
5 0.7757496740547588 0.525 0.011590612777053456 0.022225
5 0.8192046936114733 0.5986 0.011590612777053456 0.022225
5 0.8644850065189048 0.57015 0.009413298565840939 0.020825
5 0.9521251629726205 0.583325 0.012307692307692308 0.025
5 0.9528422425032596 0.54375 0.009413298565840939 0.0236
5 0.9101173402868318 0.69375 0.010860495436766624 0.020825
5 0.9101173402868318 0.7430500000000001 0.009413298565840939 0.019450000000000002
5 0.9083050847457627 0.79305 0.010143415906127771 0.019450000000000002
5 0.863754889178618 0.704175 0.009413298565840939 0.019450000000000002
5 0.8177574967405477 0.7097249999999999 0.01303780964797914 0.022225
5 0.8202998696219035 0.6534749999999999 0.009413298565840939 0.0264
5 0.7750195567144721 0.7166750000000001 0.008696219035202086 0.022225
5 0.818122555410691 0.7631999999999999 0.009413298565840939 0.01805
5 0.729387222946545 0.7256999999999999 0.01303780964797914 0.029175
5 0.642477183833116 0.70485 0.010143415906127771 0.020825
5 0.6421121251629727 0.65765 0.010860495436766624 0.0236
5 0.6844850065189049 0.6243 0.01303780964797914 0.020825
5 0.7308474576271186 0.577775 0.011590612777053456 0.019450000000000002
5 0.7297522816166885 0.60555 0.009413298565840939 0.019450000000000002
5 0.5092046936114732 0.67985 0.01303780964797914 0.0264
5 0.5070273794002608 0.764575 0.011590612777053456 0.0236
5 0.5073924380704042 0.7243 0.012307692307692308 0.0264
5 0.4635723598435463 0.7236 0.01303780964797914 0.025
5 0.419387222946545 0.7479250000000001 0.01303780964797914 0.020825
5 0.4182920469361147 0.7833249999999999 0.012307692307692308 0.027774999999999998
5 0.32956975228161667 0.7514 0.01303780964797914 0.025
5 0.33065189048239896 0.6590250000000001 0.010860495436766624 0.0264
5 0.37520208604954364 0.6625 0.011590612777053456 0.025
5 0.2835723598435463 0.65625 0.012307692307692308 0.0264
5 0.23902216427640158 0.6534749999999999 0.01593220338983051 0.0264
5 0.19664928292046938 0.6534749999999999 0.012307692307692308 0.01805
5 0.15211212516297262 0.65485 0.011590612777053456 0.01805
5 0.1959322033898305 0.8014 0.010860495436766624 0.025
5 0.2401173402868318 0.8125 0.012307692307692308 0.025
5 0.1513820078226858 0.8347249999999999 0.011590612777053456 0.022225
5 0.10683181225554107 0.660425 0.012307692307692308 0.0264
5 0.33065189048239896 0.8 0.010860495436766624 0.019450000000000002
5 0.9532073011734029 0.8131999999999999 0.01303780964797914 0.029175
0 0.5345501955671447 0.8774250000000001 0.9222164276401565 0.0264