0 0.06530864197530864 0.46832500000000005 0.016310013717421124 0.779075
0 0.8924691358024691 0.10765000000000001 0.21506172839506174 0.209725
5 0.10058984910836763 0.114575 0.0152400548696845 0.0264
5 0.2621536351165981 0.2618 0.012194787379972566 0.0236
5 0.3471330589849108 0.19305 0.017530864197530863 0.033325
5 0.4252400548696845 0.13542500000000002 0.018285322359396432 0.0264
5 0.42257887517146775 0.49515 0.016008230452674896 0.029175
5 0.5117421124828532 0.608325 0.01905349794238683 0.033325
5 0.591755829903978 0.6125 0.011426611796982167 0.027774999999999998
5 0.671769547325103 0.74515 0.01905349794238683 0.034725
5 0.7525514403292182 0.8382 0.016008230452674896 0.0264
5 0.7495061728395062 0.314575 0.0205761316872428 0.034725
5 0.6732921810699588 0.15765 0.022098765432098766 0.034725
5 0.5940466392318244 0.152775 0.01448559670781893 0.033325
5 0.5075445816186557 0.14445 0.0152400548696845 0.027774999999999998
5 0.5909876543209877 0.26945 0.01448559670781893 0.0361
5 0.5079286694101508 0.2368 0.011426611796982167 0.0125
5 0.6698628257887517 0.2986 0.01676268861454047 0.0361
5 0.42410150891632376 0.220825 0.025144032921810697 0.041675000000000004
5 0.3471330589849108 0.3986 0.017530864197530863 0.027774999999999998
5 0.18289437585733884 0.1632 0.013717421124828532 0.01805
5 0.26672153635116597 0.13195 0.01676268861454047 0.033325
5 0.1836625514403292 0.121525 0.012194787379972566 0.01805
5 0.18327846364883404 0.141675 0.016008230452674896 0.022225
0 0.4362962962962963 0.8813 0.7073662551440328 0.022525