3 0.9195128205128206 0.7757 0.16097435897435897 0.4486
0 0.06225641025641026 0.471525 0.01594871794871795 0.79325
5 0.1997820512820513 0.19445 0.012102564102564103 0.027774999999999998
5 0.20014102564102565 0.5402750000000001 0.01282051282051282 0.022225
5 0.20049999999999998 0.5625 0.01067948717948718 0.022225
5 0.20049999999999998 0.68125 0.012102564102564103 0.020825
5 0.2022820512820513 0.84375 0.009974358974358975 0.0236
5 0.19943589743589743 0.797925 0.01282051282051282 0.01805
5 0.20085897435897435 0.822225 0.014243589743589743 0.019450000000000002
5 0.302 0.8305500000000001 0.009974358974358975 0.027774999999999998
5 0.302 0.770825 0.009974358974358975 0.022225
5 0.40348717948717955 0.795825 0.012102564102564103 0.019450000000000002
5 0.5032051282051282 0.7805500000000001 0.009256410256410256 0.022225
5 0.5021410256410257 0.570825 0.01282051282051282 0.025
5 0.5042692307692308 0.34722499999999995 0.01282051282051282 0.025
5 0.6032820512820513 0.4243 0.011397435897435897 0.01805
5 0.6025641025641025 0.6736 0.011397435897435897 0.022225
5 0.6061282051282051 0.790975 0.008551282051282052 0.020825
5 0.7054871794871794 0.7902750000000001 0.01353846153846154 0.016675
5 0.7047692307692308 0.69235 0.01067948717948718 0.020825
5 0.7047692307692308 0.75555 0.009256410256410256 0.019450000000000002
5 0.8076923076923077 0.74445 0.009974358974358975 0.0139
5 0.8080512820512821 0.63265 0.007833333333333335 0.01805
5 0.8066282051282051 0.5493 0.01067948717948718 0.029175
5 0.8052051282051281 0.790975 0.012102564102564103 0.01805
5 0.7054871794871794 0.48055 0.007833333333333335 0.019450000000000002
5 0.30270512820512824 0.5402750000000001 0.011397435897435897 0.022225
5 0.099 0.69305 0.01282051282051282 0.027774999999999998
5 0.09971794871794872 0.8368000000000001 0.011397435897435897 0.020825
5 0.10042307692307692 0.11735 0.009974358974358975 0.029175
5 0.4013589743589744 0.565975 0.01067948717948718 0.01805
5 0.6047051282051282 0.5569500000000001 0.014243589743589743 0.022225
5 0.7044102564102565 0.60765 0.014243589743589743 0.0236
0 0.4537051282051282 0.8763 0.7663717948717949 0.02475