3 0.18905426356589147 0.4764 0.22308527131782943 0.391675
0 0.07355038759689922 0.47735 0.020666666666666667 0.7971250000000001
5 0.11972093023255814 0.14235 0.015503875968992248 0.020825
5 0.22351937984496123 0.1611 0.016372093023255815 0.025
5 0.32558139534883723 0.14582499999999998 0.017224806201550386 0.022225
5 0.3789767441860465 0.1625 0.015503875968992248 0.025
5 0.48621705426356593 0.17984999999999998 0.014635658914728681 0.0264
5 0.5878604651162791 0.159025 0.016372093023255815 0.020825
5 0.692077519379845 0.2139 0.014635658914728681 0.019450000000000002
5 0.7441860465116279 0.172925 0.017224806201550386 0.0236
5 0.8488372093023255 0.2382 0.014635658914728681 0.020825
5 0.7428992248062016 0.35485 0.014635658914728681 0.0236
5 0.6434108527131783 0.434725 0.01206201550387597 0.019450000000000002
5 0.5857054263565891 0.47777500000000006 0.017224806201550386 0.019450000000000002
5 0.5353178294573643 0.5118 0.016372093023255815 0.029175
5 0.4849302325581395 0.6132 0.01378294573643411 0.020825
5 0.4853643410852713 0.7569499999999999 0.014635658914728681 0.022225
5 0.5857054263565891 0.7833249999999999 0.017224806201550386 0.022225
5 0.692077519379845 0.8152750000000001 0.012914728682170543 0.016675
5 0.846248062015504 0.8409749999999999 0.018093023255813953 0.01805
5 0.9526201550387597 0.840275 0.015503875968992248 0.027774999999999998
5 0.9526201550387597 0.5965250000000001 0.01378294573643411 0.0264
5 0.6907906976744186 0.639575 0.01378294573643411 0.0264
5 0.583984496124031 0.6277750000000001 0.017224806201550386 0.016675
5 0.8488372093023255 0.6652750000000001 0.014635658914728681 0.022225
5 0.7463410852713178 0.54305 0.012914728682170543 0.019450000000000002
5 0.6429767441860466 0.53265 0.011193798449612402 0.01805
5 0.9534883720930233 0.6875 0.01378294573643411 0.027774999999999998
5 0.326015503875969 0.503475 0.014635658914728681 0.0236
5 0.431953488372093 0.508325 0.012914728682170543 0.025
5 0.37768992248062017 0.608325 0.014635658914728681 0.0139
5 0.4323875968992248 0.6132 0.01378294573643411 0.020825
5 0.4315193798449612 0.59305 0.01206201550387597 0.019450000000000002
5 0.3290232558139535 0.6784749999999999 0.018945736434108528 0.0125
5 0.3268682170542636 0.7270749999999999 0.016372093023255815 0.0236
5 0.22351937984496123 0.722225 0.016372093023255815 0.025
5 0.1714108527131783 0.722225 0.018945736434108528 0.025
5 0.17182945736434108 0.802075 0.021534883720930233 0.020825
5 0.5370387596899224 0.1868 0.014635658914728681 0.0264
5 0.5913023255813953 0.221525 0.014635658914728681 0.03195
0 0.5444496124031007 0.8785250000000001 0.9111007751937984 0.026425