5 0.13972166998011928 0.11320000000000001 0.016560636182902586 0.0236
5 0.19715705765407554 0.15555 0.018767395626242543 0.025
5 0.2551292246520875 0.196525 0.017673956262425447 0.020825
5 0.31477137176938375 0.2389 0.019880715705765408 0.022225
5 0.4290854870775348 0.32292499999999996 0.014353876739562624 0.020825
5 0.48872763419483106 0.38265 0.014353876739562624 0.01805
5 0.4279920477137177 0.37152500000000005 0.016560636182902586 0.020825
5 0.5456063618290259 0.40695 0.015467196819085488 0.022225
5 0.8371968190854872 0.510425 0.019880715705765408 0.0264
5 0.8946322067594433 0.48472499999999996 0.017673956262425447 0.027774999999999998
5 0.9509542743538767 0.45972499999999994 0.017673956262425447 0.025
5 0.6035984095427436 0.44792499999999996 0.016560636182902586 0.020825
5 0.6626838966202783 0.48957500000000004 0.013260437375745527 0.020825
5 0.6058051689860836 0.5 0.016560636182902586 0.016675
5 0.5445129224652088 0.4882 0.015467196819085488 0.015275
5 0.5483697813121272 0.6208250000000001 0.016560636182902586 0.019450000000000002
5 0.48872763419483106 0.603475 0.016560636182902586 0.01805
5 0.42854870775347914 0.614575 0.013260437375745527 0.01805
5 0.43240556660039764 0.704175 0.014353876739562624 0.022225
5 0.490934393638171 0.6757 0.016560636182902586 0.020825
5 0.6047117296222664 0.68265 0.014353876739562624 0.020825
5 0.6599204771371769 0.765975 0.02320079522862823 0.029175
5 0.7797614314115309 0.6486 0.013260437375745527 0.019450000000000002
5 0.8311332007952287 0.683325 0.02320079522862823 0.019450000000000002
5 0.8929821073558648 0.73055 0.016560636182902586 0.022225
5 0.9531610337972167 0.775 0.015467196819085488 0.019450000000000002
5 0.9542743538767395 0.8430500000000001 0.015467196819085488 0.016675
5 0.8946322067594433 0.8416750000000001 0.013260437375745527 0.016675
5 0.83831013916501 0.8382 0.015467196819085488 0.01805
5 0.7769980119284294 0.840275 0.018767395626242543 0.025
5 0.7206759443339961 0.8409749999999999 0.018767395626242543 0.0236
5 0.6626838966202783 0.8416750000000001 0.017673956262425447 0.022225
5 0.604155069582505 0.8416750000000001 0.019880715705765408 0.022225
5 0.5461630218687873 0.84235 0.018767395626242543 0.01805
5 0.48872763419483106 0.802775 0.016560636182902586 0.019450000000000002
5 0.48872763419483106 0.8375 0.016560636182902586 0.022225
5 0.43075546719681906 0.84375 0.015467196819085488 0.01805
5 0.43075546719681906 0.771525 0.017673956262425447 0.020825
5 0.37332007952286284 0.75 0.019880715705765408 0.022225
5 0.3716500994035785 0.839575 0.016560636182902586 0.020825
5 0.3125646123260437 0.80695 0.017673956262425447 0.022225
5 0.31423459244532803 0.740275 0.012147117296222665 0.016675
5 0.2562425447316103 0.7416750000000001 0.017673956262425447 0.019450000000000002
5 0.2551292246520875 0.784725 0.011053677932405566 0.016675
5 0.25679920477137175 0.8389 0.016560636182902586 0.019450000000000002
5 0.19715705765407554 0.840275 0.014353876739562624 0.016675
5 0.19715705765407554 0.7520749999999999 0.012147117296222665 0.01805
5 0.13916500994035785 0.7736 0.017673956262425447 0.019450000000000002
5 0.13972166998011928 0.8361 0.014353876739562624 0.019450000000000002
5 0.19825049701789263 0.18055 0.016560636182902586 0.019450000000000002
5 0.2551292246520875 0.23055 0.013260437375745527 0.016675
5 0.7792047713717694 0.577775 0.014353876739562624 0.025
5 0.7212326043737574 0.57015 0.013260437375745527 0.020825
5 0.6632405566600398 0.577775 0.016560636182902586 0.019450000000000002
5 0.6052485089463221 0.622925 0.011053677932405566 0.015275
5 0.5433996023856859 0.6486 0.017673956262425447 0.025
5 0.19825049701789263 0.8131999999999999 0.016560636182902586 0.0236
3 0.23083499005964214 0.475 0.26950298210735585 0.44445
0 0.09797216699801194 0.47485 0.028946322067594434 0.7982250000000001
0 0.5600795228628231 0.8810250000000001 0.8745328031809145 0.029725