0 0.07345146379044684 0.470425 0.022249614791987674 0.800475
3 0.8829892141756548 0.9236 0.23369799691833587 0.152775
5 0.10828967642526965 0.114575 0.014545454545454545 0.020825
5 0.19517719568567027 0.21945 0.018828967642526964 0.022225
5 0.1977349768875193 0.134725 0.015408320493066256 0.022225
5 0.2846224961479199 0.164575 0.014545454545454545 0.0236
5 0.28719568567026194 0.329175 0.011124807395993837 0.019450000000000002
5 0.3736517719568567 0.265275 0.014545454545454545 0.033325
5 0.46395993836671806 0.23195 0.010277349768875193 0.03055
5 0.5487057010785824 0.34305 0.013697996918335903 0.025
5 0.6321725731895222 0.39235 0.024822804314329736 0.03195
5 0.7216178736517719 0.415975 0.022249614791987674 0.03195
5 0.7259013867488444 0.839575 0.01711864406779661 0.029175
5 0.6347303543913714 0.73055 0.01798151001540832 0.0361
5 0.5474268104776578 0.63125 0.023112480739599383 0.040275
5 0.4609707241910632 0.5270750000000001 0.02140215716486903 0.0375
5 0.3715100154083205 0.427775 0.015408320493066256 0.03055
0 0.42072419106317416 0.880475 0.6719722650231125 0.029175