0 0.08686416184971098 0.47 0.017008670520231212 0.784625
3 0.18544797687861272 0.477075 0.1926734104046243 0.39027500000000004
5 0.12885838150289017 0.797925 0.013641618497109827 0.020825
5 0.5021676300578035 0.7479250000000001 0.01686416184971098 0.015275
5 0.5792341040462428 0.7208249999999999 0.015260115606936417 0.033325
5 0.6539017341040463 0.7430500000000001 0.013641618497109827 0.027774999999999998
5 0.7289595375722543 0.7757 0.016054913294797687 0.029175
5 0.8024277456647398 0.8416750000000001 0.013641618497109827 0.025
5 0.80121387283237 0.815975 0.01926300578034682 0.0264
5 0.8778901734104047 0.84235 0.018468208092485547 0.020825
5 0.9485404624277456 0.847225 0.008829479768786128 0.03055
5 0.6534971098265896 0.8389 0.017658959537572256 0.025
5 0.5776300578034682 0.8375 0.020072254335260116 0.027774999999999998
5 0.35323699421965316 0.8430500000000001 0.020867052023121387 0.022225
5 0.3540462427745665 0.65485 0.016054913294797687 0.01805
5 0.3544508670520231 0.70625 0.012037572254335261 0.0236
5 0.4271098265895954 0.590275 0.017658959537572256 0.022225
5 0.5025722543352601 0.5284749999999999 0.016054913294797687 0.029175
5 0.5069797687861272 0.63195 0.020072254335260116 0.03055
5 0.5784393063583815 0.577075 0.018468208092485547 0.020825
5 0.6551011560693641 0.4132 0.014450867052023121 0.01805
5 0.729364161849711 0.43402500000000005 0.015260115606936417 0.03195
5 0.8036271676300578 0.396525 0.017658959537572256 0.0236
5 0.8794942196531792 0.32152500000000006 0.015260115606936417 0.01805
5 0.8790895953757226 0.2375 0.01926300578034682 0.0361
5 0.953757225433526 0.3118 0.011242774566473988 0.020825
5 0.9541618497109826 0.34375 0.013641618497109827 0.015275
5 0.9497398843930637 0.13195 0.016054913294797687 0.027774999999999998
5 0.953757225433526 0.165275 0.01926300578034682 0.027774999999999998
5 0.8738728323699423 0.1257 0.01686416184971098 0.029175
5 0.8032225433526012 0.13265000000000002 0.015260115606936417 0.0264
5 0.723742774566474 0.13195 0.01686416184971098 0.025
5 0.7297687861271677 0.2757 0.017658959537572256 0.029175
5 0.6510982658959538 0.253475 0.017658959537572256 0.03195
5 0.5017630057803468 0.120825 0.01926300578034682 0.027774999999999998
5 0.42910404624277454 0.19515000000000002 0.01686416184971098 0.0264
5 0.3540462427745665 0.121525 0.017658959537572256 0.0264
5 0.2805924855491329 0.15485 0.018468208092485547 0.0236
5 0.20351156069364162 0.114575 0.013641618497109827 0.01805
5 0.20472543352601155 0.1361 0.014450867052023121 0.016675
5 0.1292485549132948 0.115275 0.012846820809248555 0.019450000000000002
5 0.20351156069364162 0.75555 0.013641618497109827 0.025
5 0.20552023121387283 0.7757 0.016054913294797687 0.0236
5 0.20632947976878613 0.8125 0.014450867052023121 0.022225
5 0.20472543352601155 0.8389 0.012846820809248555 0.022225
5 0.2805924855491329 0.8375 0.013641618497109827 0.03055
5 0.2801878612716763 0.777075 0.016054913294797687 0.029175
5 0.2801878612716763 0.7256999999999999 0.016054913294797687 0.0264
5 0.2801878612716763 0.684025 0.014450867052023121 0.0264
5 0.42991329479768786 0.7006999999999999 0.015260115606936417 0.020825
5 0.42830924855491326 0.7389 0.01686416184971098 0.022225
0 0.5423121387283236 0.879225 0.8945086705202312 0.026125