0 0.11348341232227488 0.47527500000000006 0.02684834123222749 0.7824
3 0.726042654028436 0.471525 0.5015876777251185 0.090275
5 0.15402843601895735 0.7375 0.02895734597156398 0.0361
5 0.34030805687203797 0.7319499999999999 0.030284360189573457 0.027774999999999998
5 0.466042654028436 0.72985 0.034218009478672984 0.034725
5 0.5831990521327014 0.73125 0.034218009478672984 0.03195
5 0.7036492890995261 0.7382 0.03291469194312796 0.03195
5 0.8313507109004739 0.7389 0.025023696682464455 0.033325
5 0.9498341232227487 0.75765 0.03291469194312796 0.029175
5 0.4008767772511848 0.615275 0.030284360189573457 0.025
5 0.27976303317535545 0.73265 0.025023696682464455 0.0375
5 0.220521327014218 0.7868 0.035545023696682464 0.0264
5 0.46800947867298576 0.5618 0.027654028436018958 0.04305
5 0.5838625592417062 0.44515 0.04080568720379146 0.029175
5 0.6470616113744075 0.396525 0.03817535545023697 0.029175
5 0.7635545023696683 0.285425 0.03950236966824645 0.034725
5 0.5259241706161137 0.510425 0.04872037914691943 0.0375
5 0.8938862559241707 0.16875 0.021066350710900475 0.01805
5 0.9504976303317536 0.116675 0.026327014218009478 0.025
0 0.561872037914692 0.87895 0.8714928909952606 0.022250000000000002