3 0.8756137479541735 0.13542500000000002 0.24549918166939444 0.270825
0 0.42453355155482814 0.8799250000000001 0.674860883797054 0.026949999999999998
5 0.1118330605564648 0.114575 0.014549918166939445 0.01805
5 0.296873977086743 0.234725 0.015450081833060555 0.025
5 0.41734860883797054 0.29235 0.016366612111292964 0.020825
5 0.41826513911620294 0.3139 0.02 0.027774999999999998
5 0.48008183306055646 0.32847499999999996 0.016366612111292964 0.020825
5 0.4796399345335516 0.35695 0.017283142389525368 0.027774999999999998
5 0.603747954173486 0.425 0.016366612111292964 0.022225
5 0.5991980360065466 0.402075 0.02 0.0264
5 0.6614893617021277 0.46527500000000005 0.015450081833060555 0.022225
5 0.6614893617021277 0.4382 0.01909983633387889 0.0264
5 0.7233060556464812 0.5041749999999999 0.011816693944353519 0.022225
5 0.7210474631751228 0.472925 0.016366612111292964 0.0236
5 0.7224058919803601 0.50765 0.01909983633387889 0.0236
5 0.7233060556464812 0.5965250000000001 0.013633387888707037 0.0236
5 0.6633060556464812 0.54305 0.017283142389525368 0.022225
5 0.660114566284779 0.577075 0.014549918166939445 0.020825
5 0.5996563011456628 0.5611 0.020916530278232405 0.016675
5 0.5996563011456628 0.577075 0.01909983633387889 0.034725
5 0.536923076923077 0.5569500000000001 0.015450081833060555 0.022225
5 0.4159901800327332 0.671525 0.017283142389525368 0.0236
5 0.35689034369885436 0.53055 0.015450081833060555 0.0361
5 0.29505728314238955 0.7416750000000001 0.015450081833060555 0.016675
5 0.1723076923076923 0.5125 0.020916530278232405 0.022225
5 0.17548281505728314 0.8041750000000001 0.01818330605564648 0.022225
5 0.11139116202945991 0.8375 0.017283142389525368 0.019450000000000002
5 0.23458265139116205 0.51735 0.014549918166939445 0.03195
5 0.48008183306055646 0.5375 0.02 0.022225
0 0.0797545008183306 0.47765 0.016546644844517185 0.795475