0 0.07429447852760736 0.47332500000000005 0.014984662576687116 0.7974
3 0.8959662576687116 0.071525 0.2053527607361963 0.140275
5 0.10779141104294479 0.33332500000000004 0.014478527607361963 0.022225
5 0.19085889570552148 0.30417500000000003 0.015337423312883436 0.025
5 0.3131441717791411 0.31805 0.01619631901840491 0.025
5 0.43115030674846627 0.40555 0.015337423312883436 0.03055
5 0.5184969325153375 0.5257000000000001 0.014478527607361963 0.0375
5 0.5930521472392638 0.6507 0.010230061349693252 0.034725
5 0.6757055214723926 0.822225 0.013634969325153375 0.0361
5 0.7532361963190184 0.840275 0.011932515337423313 0.022225
5 0.75409509202454 0.120825 0.015337423312883436 0.027774999999999998
5 0.6718711656441718 0.20555 0.01789877300613497 0.027774999999999998
5 0.5930521472392638 0.29375 0.01874233128834356 0.03195
5 0.5112423312883435 0.38125 0.02044478527607362 0.0236
5 0.4324233128834356 0.4764 0.01960122699386503 0.025
5 0.35062883435582826 0.5652750000000001 0.021303680981595092 0.027774999999999998
5 0.2701073619631902 0.6569499999999999 0.02044478527607362 0.033325
5 0.18915644171779142 0.746525 0.017039877300613498 0.03195
5 0.10693251533742332 0.8409749999999999 0.014478527607361963 0.029175
0 0.44205521472392645 0.8796250000000001 0.7021165644171778 0.02085