0 0.06862745098039216 0.47485 0.018361344537815124 0.79325
3 0.9041456582633053 0.472925 0.1742857142857143 0.3236
5 0.11088235294117647 0.115975 0.014789915966386555 0.01805
5 0.2812745098039216 0.1389 0.01634453781512605 0.025
5 0.4505182072829132 0.1257 0.015560224089635854 0.029175
5 0.61703081232493 0.1125 0.014005602240896359 0.027774999999999998
5 0.7831512605042016 0.116675 0.01634453781512605 0.03055
5 0.9496638655462184 0.11875 0.01945378151260504 0.029175
5 0.9531652661064425 0.7194499999999999 0.014005602240896359 0.025
5 0.951218487394958 0.79235 0.013221288515406162 0.0264
5 0.9531652661064425 0.8382 0.015560224089635854 0.029175
5 0.7823669467787115 0.8416750000000001 0.01945378151260504 0.03055
5 0.7843137254901961 0.802775 0.014005602240896359 0.025
5 0.783921568627451 0.745825 0.013221288515406162 0.033325
5 0.7827591036414565 0.7097249999999999 0.01711484593837535 0.025
5 0.6115826330532214 0.7104250000000001 0.01711484593837535 0.029175
5 0.6158543417366947 0.76945 0.011666666666666667 0.027774999999999998
5 0.6181932773109243 0.8111 0.011666666666666667 0.027774999999999998
5 0.61703081232493 0.840275 0.014005602240896359 0.019450000000000002
5 0.449733893557423 0.825 0.014005602240896359 0.0139
5 0.4489635854341737 0.809025 0.012450980392156863 0.0125
5 0.4489635854341737 0.7881999999999999 0.010896358543417367 0.01805
5 0.4481792717086835 0.715275 0.007787114845938374 0.016675
5 0.27777310924369747 0.714575 0.00934173669467787 0.0236
5 0.27971988795518204 0.7895749999999999 0.013221288515406162 0.029175
5 0.2785574229691877 0.816675 0.010896358543417367 0.019450000000000002
5 0.10970588235294118 0.8382 0.01711484593837535 0.0125
5 0.11049019607843137 0.8041750000000001 0.012450980392156863 0.019450000000000002
5 0.10970588235294118 0.70765 0.015560224089635854 0.0264
0 0.5381932773109244 0.87965 0.9173669467787114 0.03415