3 0.20977600000000002 0.478475 0.252448 0.4486
5 0.264448 0.21805 0.018672 0.025
5 0.404896 0.31945 0.018672 0.0361
5 0.546672 0.4264 0.023104 0.038900000000000004
5 0.537328 0.57985 0.015104 0.034725
5 0.4 0.6764 0.014224 0.0139
5 0.400448 0.6479250000000001 0.018672 0.01805
5 0.403552 0.7319499999999999 0.014224 0.0111
5 0.400448 0.753475 0.013328 0.0236
5 0.40089600000000003 0.797925 0.017776 0.015275
5 0.401776 0.81805 0.017776 0.025
5 0.264896 0.80765 0.016 0.015275
5 0.26222399999999996 0.765275 0.017776 0.019450000000000002
5 0.263552 0.7881999999999999 0.015104 0.015275
5 0.126224 0.80765 0.019552 0.01805
5 0.125776 0.8409749999999999 0.015104 0.0264
5 0.6782239999999999 0.754175 0.017776 0.019450000000000002
5 0.813776 0.739575 0.020447999999999997 0.0264
5 0.9515520000000001 0.8409749999999999 0.020447999999999997 0.020825
5 0.948896 0.7104250000000001 0.024 0.0236
5 0.9497760000000001 0.552775 0.018672 0.033325
5 0.952896 0.490275 0.016 0.025
5 0.9511040000000001 0.39445 0.016 0.019450000000000002
5 0.950672 0.365275 0.022224 0.03055
5 0.815552 0.4257 0.022224 0.020825
5 0.815104 0.447225 0.017776 0.022225
5 0.8146720000000001 0.55485 0.016896 0.03195
5 0.815104 0.6264 0.012448 0.025
5 0.8084479999999999 0.5992999999999999 0.018672 0.0236
5 0.673776 0.5125 0.024896 0.027774999999999998
5 0.674672 0.54235 0.014224 0.020825
5 0.6764479999999999 0.6375 0.017776 0.016675
5 0.676 0.6541750000000001 0.013328 0.022225
5 0.537328 0.6958249999999999 0.020447999999999997 0.025
5 0.537776 0.80485 0.014224 0.0375
5 0.128896 0.11735 0.023104 0.034725
0 0.085952 0.4693 0.021872 0.779375
0 0.550928 0.8790749999999999 0.898144 0.023624999999999997