5 0.17930000000000001 0.15713395638629282 0.02194 0.03177570093457944
5 0.3143 0.21598130841121496 0.024120000000000003 0.03348909657320872
5 0.27104 0.3506230529595015 0.024739999999999998 0.03557632398753894
5 0.35766000000000003 0.22847352024922118 0.023 0.034330218068535825
5 0.44864 0.22697819314641746 0.027120000000000002 0.04009345794392523
5 0.53722 0.3414330218068536 0.02998 0.03364485981308411
5 0.62762 0.4400934579439253 0.0245 0.03847352024922118
5 0.71646 0.5823364485981308 0.0273 0.03919003115264798
5 0.8049 0.5786292834890966 0.027420000000000003 0.037694704049844235
5 0.84738 0.6592523364485982 0.02476 0.03538940809968847
5 0.8925599999999999 0.7418380062305295 0.02234 0.03850467289719626
0 0.1341 0.49704049844236764 0.022719999999999997 0.741993769470405
0 0.5395399999999999 0.8460747663551401 0.83 0.041059190031152645