5 0.3424144869215292 0.2813853904282116 0.022977867203219315 0.027581863979848863
5 0.2782092555331992 0.34176322418136024 0.019979879275653922 0.024534005037783375
5 0.19629778672032194 0.36594458438287153 0.024587525150905433 0.023627204030226702
5 0.36062374245472834 0.30919395465994964 0.024587525150905433 0.020151133501259445
5 0.43692152917505034 0.3446599496221663 0.025211267605633803 0.030327455919395462
5 0.4110663983903421 0.3767506297229219 0.021730382293762576 0.025818639798488665
5 0.38961770623742453 0.4060453400503778 0.0230784708249497 0.027052896725440808
5 0.3352313883299799 0.5037531486146096 0.02050301810865191 0.020730478589420655
5 0.346579476861167 0.5256926952141058 0.020321931589537223 0.018790931989924434
5 0.3327967806841046 0.5592191435768262 0.02112676056338028 0.02392947103274559
5 0.25835010060362174 0.536448362720403 0.030583501006036216 0.023148614609571787
5 0.18116700201207245 0.5150125944584383 0.024527162977867202 0.023778337531486143
5 0.22800804828973842 0.6466498740554157 0.023018108651911468 0.029219143576826194
5 0.35486921529175053 0.6335264483627204 0.022233400402414488 0.02012594458438287
5 0.39780684104627767 0.6221158690176322 0.019295774647887325 0.023702770780856423
5 0.4712474849094568 0.6322921914357683 0.016941649899396376 0.02571788413098237
5 0.4947686116700201 0.6493450881612092 0.01641851106639839 0.02425692695214106
5 0.48060362173038235 0.6809571788413098 0.01921529175050302 0.024458438287153654
5 0.3999396378269618 0.5403526448362721 0.0189738430583501 0.016045340050377836
5 0.4008450704225352 0.5249370277078086 0.017142857142857144 0.018438287153652394
5 0.40841046277665993 0.5112342569269521 0.018551307847082497 0.02080604534005038
5 0.4527766599597586 0.48914357682619647 0.01847082494969819 0.019042821158690177
5 0.4894969818913481 0.4662216624685139 0.019597585513078473 0.02133501259445844
5 0.5102816901408451 0.47244332493702773 0.022152917505030182 0.024634760705289672
5 0.5135814889336016 0.4950629722921914 0.016519114688128774 0.02415617128463476
5 0.5381287726358148 0.5062468513853904 0.020563380281690143 0.021511335012594456
5 0.4967806841046278 0.571360201511335 0.018591549295774647 0.025340050377833753
5 0.5063782696177063 0.6048110831234257 0.016740442655935613 0.02234256926952141
5 0.5261368209255534 0.5949874055415617 0.016961770623742455 0.024433249370277077
5 0.5685311871227364 0.6087909319899244 0.019295774647887325 0.022267002518891688
5 0.5783098591549296 0.5928463476070529 0.016861167002012074 0.020151133501259445
5 0.5978470824949698 0.5943576826196474 0.020020120724346075 0.022015113350125945
5 0.5606438631790744 0.6555919395465994 0.019074446680080483 0.02531486146095718
5 0.5407645875251509 0.6756926952141058 0.019577464788732395 0.02198992443324937
5 0.6298993963782696 0.6909068010075567 0.019356136820925553 0.01801007556675063
5 0.7063782696177062 0.715264483627204 0.021247484909456743 0.024332493702770783
5 0.6777867203219317 0.6548866498740554 0.022555331991951713 0.02503778337531486
5 0.6833199195171027 0.5871788413098237 0.017283702213279677 0.023727959697732996
5 0.6377665995975855 0.5126448362720404 0.02044265593561368 0.022468513853904283
5 0.7188531187122736 0.523727959697733 0.01875251509054326 0.02632241813602015
5 0.693722334004024 0.41584382871536524 0.018591549295774647 0.021435768261964736
5 0.516861167002012 0.3536272040302267 0.023038229376257543 0.025365239294710327
5 0.7291348088531187 0.6762720403022671 0.020080482897384306 0.022015113350125945
5 0.7969617706237424 0.6195717884130982 0.020241448692152917 0.024332493702770783
5 0.8670020120724345 0.41692695214105796 0.024849094567404424 0.024760705289672544
5 0.7770221327967807 0.3322921914357682 0.024325955734406438 0.022770780856423173
5 0.6941247484909457 0.3313350125944584 0.025150905432595575 0.02317380352644836
5 0.5220120724346077 0.25382871536523927 0.02329979879275654 0.026297229219143577
5 0.6107042253521127 0.17130982367758188 0.0230784708249497 0.024030226700251886
5 0.8507847082494969 0.694206549118388 0.023541247484909454 0.02806045340050378
0 0.09670020120724347 0.5121662468513855 0.023480885311871227 0.7416624685138539
0 0.5337625754527162 0.8697229219143576 0.8998390342052315 0.023778337531486143