5 0.6820079522862823 0.38117493472584857 0.02952286282306163 0.044308093994778065
5 0.37733598409542746 0.799686684073107 0.021749502982107354 0.026605744125326368
5 0.406520874751491 0.80355091383812 0.020616302186878727 0.03060052219321149
5 0.4233797216699801 0.8009138381201044 0.01757455268389662 0.0335509138381201
5 0.4397614314115308 0.795378590078329 0.01779324055666004 0.03242819843342037
5 0.4779920477137177 0.7887206266318537 0.017435387673956262 0.030261096605744126
5 0.4927236580516899 0.7873107049608356 0.017594433399602386 0.033002610966057444
5 0.5034194831013916 0.7874412532637075 0.015626242544731613 0.02879895561357702
5 0.525844930417495 0.785378590078329 0.022365805168986085 0.03248041775456919
5 0.5558051689860835 0.7833420365535247 0.01912524850894632 0.03503916449086162
5 0.5657852882703777 0.7821932114882506 0.019900596421471173 0.03608355091383812
5 0.5881510934393638 0.7845953002610966 0.0220675944333996 0.029738903394255875
5 0.6040954274353877 0.7772584856396867 0.019801192842942347 0.025091383812010443
5 0.6293638170974155 0.7609660574412532 0.0002982107355864811 0.00028720626631853783
5 0.6205765407554672 0.7802088772845953 0.01644135188866799 0.03096605744125326
5 0.6498608349900596 0.7799477806788513 0.01620278330019881 0.030469973890339425
5 0.6653876739562624 0.7791122715404699 0.017514910536779324 0.03436031331592689
5 0.6729224652087475 0.7759791122715405 0.01914512922465209 0.03362924281984334
5 0.6917495029821074 0.7791122715404699 0.019801192842942347 0.03323759791122716
5 0.701948310139165 0.7769190600522193 0.0194234592445328 0.032193211488250655
5 0.7284095427435388 0.7776240208877284 0.019105367793240555 0.029138381201044387
5 0.7405566600397614 0.7746997389033942 0.02003976143141153 0.029947780678851177
5 0.7702385685884692 0.777154046997389 0.025785288270377734 0.03154046997389034
0 0.0905765407554672 0.500443864229765 0.039761431411530816 0.9660574412532638
0 0.483220675944334 0.8797389033942559 0.9509542743538767 0.044960835509138375