6 0.9479794520547945 0.47712499999999997 0.04421232876712329 0.2884
6 0.8557191780821918 0.484525 0.04465753424657534 0.2736
6 0.7654965753424657 0.4623 0.04465753424657534 0.31805
6 0.6751712328767123 0.3627 0.04669520547945205 0.517275
6 0.585068493150685 0.491125 0.04465753424657534 0.260425
6 0.4932705479452055 0.470375 0.04601027397260274 0.30455
6 0.40351027397260275 0.39085000000000003 0.04691780821917808 0.45832500000000004
6 0.31068493150684934 0.5354 0.048493150684931506 0.17447500000000002
6 0.22171232876712327 0.5168 0.04421232876712329 0.20642499999999997
6 0.13003424657534246 0.41835 0.04352739726027398 0.39807499999999996
2 0.13184931506849315 0.7386499999999999 0.03823630136986301 0.14730000000000001
2 0.22374999999999998 0.740525 0.027962328767123283 0.146875
2 0.3113527397260274 0.71575 0.02625 0.09317500000000001
2 0.4053938356164384 0.752175 0.03453767123287672 0.1702
2 0.4932876712328767 0.709925 0.027688356164383563 0.0815
2 0.5856164383561644 0.7330249999999999 0.032534246575342464 0.1319
2 0.6760787671232876 0.7969499999999999 0.03652397260273972 0.2639
2 0.7674143835616438 0.7528 0.03652397260273972 0.175625
2 0.8595890410958904 0.774875 0.032534246575342464 0.21142499999999997
2 0.9489212328767123 0.769475 0.03424657534246575 0.20892499999999997
8 0.11330479452054795 0.04285 0.08676369863013698 0.05985
0 0.0811986301369863 0.3544 0.029965753424657533 0.559375