5 0.34556485355648536 0.6561194029850747 0.021380753138075314 0.03161194029850746
5 0.401652719665272 0.6792835820895522 0.02702928870292887 0.02901492537313433
5 0.45719665271966525 0.6587164179104478 0.025460251046025104 0.028059701492537316
5 0.5133891213389121 0.6203880597014926 0.026422594142259417 0.028328358208955226
5 0.5670083682008368 0.5135522388059701 0.023451882845188288 0.02955223880597015
5 0.5893096234309624 0.5046567164179104 0.021297071129707114 0.03617910447761194
5 0.6440585774058578 0.4605671641791044 0.022092050209205023 0.03361194029850746
5 0.7002092050209204 0.45501492537313437 0.023577405857740586 0.03474626865671642
5 0.7556694560669456 0.32677611940298507 0.0248744769874477 0.02982089552238806
5 0.8140167364016737 0.2454328358208955 0.026171548117154813 0.03313432835820895
0 0.15242677824267784 0.5010746268656717 0.033870292887029294 0.6865671641791045
0 0.54244769874477 0.8216119402985075 0.8119246861924687 0.04265671641791045