5 0.17059055118110236 0.7469230769230769 0.03210629921259842 0.05511705685618729
5 0.25645669291338585 0.6526086956521739 0.03061023622047244 0.05441471571906354
5 0.29352362204724414 0.6548829431438127 0.026043307086614172 0.0488628762541806
5 0.403503937007874 0.6626421404682274 0.039291338582677166 0.05304347826086956
5 0.40539370078740156 0.4678929765886288 0.029291338582677167 0.05280936454849498
5 0.46397637795275587 0.42110367892976586 0.03226377952755906 0.05287625418060201
5 0.5578937007874016 0.5412040133779265 0.03309055118110236 0.04892976588628763
5 0.6395472440944882 0.3435451505016722 0.03893700787401575 0.04494983277591973
5 0.6944094488188977 0.3509030100334448 0.028602362204724407 0.04963210702341137
5 0.7250590551181102 0.2872240802675585 0.034763779527559054 0.04598662207357859
5 0.7588188976377953 0.3400334448160535 0.029448818897637796 0.04461538461538461
5 0.8477362204724409 0.295685618729097 0.034055118110236225 0.05622073578595317
0 0.15706692913385828 0.480066889632107 0.027066929133858268 0.737190635451505
0 0.5528149606299212 0.8208026755852842 0.8169291338582677 0.0445819397993311