5 0.19889112903225808 0.6351758793969849 0.02058467741935484 0.024874371859296484
5 0.2170766129032258 0.6969346733668341 0.01997983870967742 0.021683417085427138
5 0.2887903225806452 0.6933668341708542 0.019213709677419352 0.02263819095477387
5 0.268125 0.611356783919598 0.02409274193548387 0.021030150753768843
5 0.3069556451612903 0.5751758793969849 0.021330645161290324 0.02472361809045226
5 0.3257661290322581 0.6581155778894473 0.018729838709677416 0.02123115577889447
5 0.33995967741935484 0.676356783919598 0.01899193548387097 0.016256281407035174
5 0.3417943548387097 0.6855527638190956 0.023024193548387098 0.018819095477386936
5 0.34114919354838713 0.7148492462311558 0.019435483870967742 0.021783919597989948
5 0.3714516129032258 0.6796482412060302 0.020887096774193547 0.019371859296482413
5 0.3557258064516129 0.653391959798995 0.01715725806451613 0.019824120603015076
5 0.3637701612903226 0.6232914572864321 0.01846774193548387 0.0207286432160804
5 0.3790322580645161 0.6007286432160804 0.019415322580645163 0.019371859296482413
5 0.39512096774193545 0.6101005025125628 0.014052419354838709 0.023115577889447233
5 0.4046774193548387 0.497035175879397 0.016129032258064516 0.01821608040201005
5 0.40191532258064516 0.5113316582914572 0.019879032258064516 0.019723618090452262
5 0.46576612903225806 0.5123115577889448 0.01721774193548387 0.02344221105527638
5 0.45491935483870966 0.5141457286432161 0.015866935483870966 0.017889447236180904
5 0.48177419354838713 0.525251256281407 0.015483870967741935 0.02050251256281407
5 0.46808467741935483 0.5405025125628141 0.01629032258064516 0.019899497487437186
5 0.4905443548387097 0.5437185929648242 0.016431451612903228 0.021733668341708545
5 0.4321572580645161 0.5616582914572864 0.013971774193548387 0.023040201005025126
5 0.44745967741935483 0.5907035175879397 0.015705645161290322 0.021206030150753768
5 0.4601612903225807 0.5939447236180904 0.016209677419354838 0.023115577889447233
5 0.4371774193548387 0.597035175879397 0.019213709677419352 0.02007537688442211
5 0.4360282258064516 0.6227386934673367 0.01963709677419355 0.01844221105527638
5 0.44175403225806453 0.6338944723618091 0.015282258064516129 0.01957286432160804
5 0.40933467741935486 0.6506281407035176 0.015201612903225806 0.018819095477386936
5 0.5080040322580646 0.6583417085427136 0.01883064516129032 0.02469849246231156
5 0.5366733870967741 0.5262814070351759 0.015362903225806452 0.02241206030150754
5 0.5219959677419356 0.5169346733668342 0.017701612903225805 0.021331658291457285
5 0.515766129032258 0.4924120603015075 0.018629032258064518 0.019974874371859297
5 0.49774193548387097 0.4691959798994975 0.01848790322580645 0.021834170854271355
5 0.5715927419354838 0.5179145728643216 0.016995967741935483 0.020226130653266332
5 0.5920161290322581 0.5295979899497487 0.01747983870967742 0.020477386934673367
5 0.5720967741935483 0.4772613065326633 0.01715725806451613 0.022839195979899498
5 0.5385282258064517 0.4208291457286432 0.014979838709677418 0.01751256281407035
5 0.5266532258064517 0.4123618090452261 0.015806451612903224 0.01969849246231156
5 0.4765725806451613 0.4195477386934673 0.016854838709677418 0.02092964824120603
5 0.5387701612903226 0.3839949748743719 0.018266129032258067 0.02329145728643216
5 0.6308669354838711 0.36879396984924623 0.015362903225806452 0.020477386934673367
5 0.6457459677419355 0.3373366834170854 0.017278225806451615 0.0214321608040201
5 0.6873991935483871 0.3131909547738694 0.019153225806451613 0.02105527638190955
5 0.7201612903225806 0.3573366834170854 0.016512096774193546 0.021206030150753768
5 0.49358870967741936 0.3465326633165829 0.012963709677419354 0.020201005025125625
5 0.48362903225806453 0.34741206030150756 0.017258064516129032 0.01844221105527638
5 0.5547177419354838 0.3355527638190955 0.01629032258064516 0.019824120603015076
5 0.5754435483870968 0.2772110552763819 0.00010080645161290323 0.0001507537688442211
0 0.10528225806451613 0.5150753768844221 0.02463709677419355 0.7397989949748743
0 0.5409879032258064 0.8696231155778895 0.8938104838709677 0.0307035175879397