8 0.14266272189349113 0.040350000000000004 0.08481262327416174 0.05485
0 0.11094674556213018 0.3846 0.02201183431952663 0.615575
6 0.15646942800788954 0.605775 0.046686390532544385 0.123225
6 0.245069033530572 0.47600000000000003 0.04305719921104536 0.37615000000000004
6 0.33398422090729785 0.38744999999999996 0.046686390532544385 0.553225
6 0.4217554240631164 0.391825 0.04471400394477318 0.547825
6 0.5080473372781065 0.44244999999999995 0.04305719921104536 0.446575
6 0.5963116370808679 0.6124499999999999 0.045364891518737675 0.103225
6 0.6847534516765287 0.40515 0.04471400394477318 0.517825
6 0.7702169625246549 0.38515 0.04471400394477318 0.56115
6 0.8586390532544378 0.5887 0.044043392504930966 0.1474
6 0.9477317554240631 0.391625 0.04471400394477318 0.5449
2 0.15745562130177515 0.756575 0.04207100591715976 0.09147500000000001
2 0.2468836291913215 0.775725 0.03682445759368837 0.129775
2 0.3343195266272189 0.7955 0.04076923076923077 0.17350000000000002
2 0.4235700197238659 0.7842749999999999 0.038461538461538464 0.1427
2 0.5045956607495069 0.7742749999999999 0.03944773175542406 0.12269999999999999
2 0.596646942800789 0.76095 0.03944773175542406 0.09605000000000001
2 0.685404339250493 0.804675 0.03287968441814596 0.17517499999999997
2 0.7738264299802761 0.819875 0.03220907297830374 0.21807500000000002
2 0.8609467455621301 0.7926000000000001 0.02893491124260355 0.15935
2 0.9473964497041419 0.8209000000000001 0.03747534516765286 0.215975