5 0.2568359375 0.69003125 0.0240625 0.03490625
5 0.33671875 0.664625 0.02708984375 0.03459375
5 0.45263671875 0.56975 0.0216015625 0.02665625
5 0.47607421875 0.47996875 0.022109375 0.031156250000000003
5 0.5501953125 0.40043749999999995 0.02056640625 0.029031249999999998
5 0.6402734375 0.39384375 0.0196875 0.02728125
5 0.698203125 0.28690625000000003 0.02052734375 0.025937500000000002
5 0.73716796875 0.21646875 0.02447265625 0.027750000000000004
5 0.84013671875 0.18256250000000002 0.01994140625 0.029843750000000002
0 0.1793359375 0.4296875 0.0230859375 0.76278125
0 0.54732421875 0.8060937499999999 0.75728515625 0.0355