5 0.38767578125 0.2409061488673139 0.0140625 0.024077669902912623
5 0.39890625 0.24177993527508088 0.01275390625 0.0229126213592233
5 0.39841796875 0.26249190938511324 0.016171875 0.02122977346278317
5 0.42521484375 0.24886731391585762 0.0169921875 0.02540453074433657
5 0.4334765625 0.23045307443365695 0.01576171875 0.01679611650485437
5 0.43615234375 0.2111003236245955 0.0127734375 0.021812297734627832
5 0.42423828125 0.21245954692556637 0.01267578125 0.019676375404530745
5 0.4283203125 0.19763754045307444 0.0137890625 0.01818770226537217
5 0.41263671875 0.19511326860841424 0.01587890625 0.02381877022653722
5 0.4468359375 0.18333333333333332 0.0142578125 0.02553398058252427
5 0.43845703125 0.19009708737864078 0.01296875 0.023527508090614886
5 0.46259765625 0.20045307443365695 0.0131640625 0.021877022653721684
5 0.47130859375 0.18436893203883495 0.0134375 0.021779935275080906
5 0.47865234375 0.20585760517799354 0.010625 0.025631067961165047
5 0.48587890625 0.1874433656957929 0.01455078125 0.024045307443365693
0 0.11251953125 0.4305501618122977 0.02123046875 0.6641423948220064
0 0.54220703125 0.7541747572815534 0.87720703125 0.033754045307443366