5 0.15785714285714286 0.7152734375 0.03847222222222222 0.03802734375
5 0.22878968253968254 0.593359375 0.04071428571428572 0.0383203125
5 0.3103373015873016 0.59556640625 0.039781746031746036 0.0417578125
5 0.3447023809523809 0.6001171875 0.0434920634920635 0.0393359375
5 0.33210317460317457 0.50904296875 0.043293650793650794 0.0378515625
5 0.38839285714285715 0.47158203125 0.041666666666666664 0.0388671875
5 0.4183928571428572 0.49048828125 0.04285714285714286 0.030546875
5 0.38279761904761905 0.51193359375 0.03311507936507937 0.0359375
5 0.4217857142857143 0.52849609375 0.03625 0.0343359375
5 0.4694642857142857 0.4619140625 0.031964285714285716 0.034765625
5 0.49666666666666665 0.45626953125 0.03468253968253968 0.03703125
5 0.48603174603174604 0.41953125 0.03775793650793651 0.0346875
5 0.6369246031746032 0.35244140625 0.038869047619047616 0.0379296875
5 0.696329365079365 0.2534765625 0.0425 0.03970703125
0 0.10132936507936507 0.469453125 0.03543650793650793 0.849609375