5 0.1386573146292585 0.8038815789473684 0.03681362725450902 0.05276315789473684
5 0.6047094188376754 0.7318092105263158 0.033166332665330665 0.05559210526315789
5 0.6205811623246493 0.7719078947368421 0.03775551102204409 0.05759868421052632
5 0.7189779559118236 0.8045065789473684 0.04062124248496994 0.045032894736842105
5 0.8649498997995992 0.8139144736842105 0.03761523046092184 0.05782894736842105
5 0.9091382765531063 0.7405592105263158 0.032885771543086174 0.06065789473684211
5 0.9292985971943888 0.7332894736842105 0.03609218436873748 0.05210526315789474
5 0.974188376753507 0.6858881578947368 0.03909819639278558 0.049999999999999996
5 0.9445691382765531 0.5364144736842105 0.03633266533066132 0.05605263157894737
5 0.9750300601202405 0.1487171052631579 0.03348697394789579 0.055197368421052634
0 0.1367935871743487 0.47124999999999995 0.020901803607214428 0.7479934210526316
0 0.5502404809619238 0.8273684210526316 0.8617234468937875 0.027171052631578946