5 0.22440643863179074 0.5149832775919733 0.025432595573440644 0.038896321070234115
5 0.2254728370221328 0.6507357859531773 0.022152917505030182 0.04294314381270903
5 0.2247887323943662 0.712943143812709 0.021851106639839035 0.03444816053511706
5 0.22531187122736418 0.7446488294314382 0.021810865191146882 0.03317725752508361
5 0.22416498993963782 0.7846822742474917 0.0238430583501006 0.034314381270903006
5 0.2862977867203219 0.7888628762541806 0.020663983903420523 0.030133779264214046
5 0.2870422535211268 0.7177257525083612 0.01782696177062374 0.024280936454849498
5 0.28748490945674043 0.7031103678929765 0.021006036217303823 0.02919732441471572
5 0.28621730382293764 0.6831772575250836 0.025875251509054325 0.034180602006688966
5 0.28734406438631793 0.6277257525083612 0.020603621730382295 0.03100334448160535
5 0.34776659959758555 0.5495652173913044 0.02370221327967807 0.04163879598662207
5 0.3500804828973843 0.687190635451505 0.020764587525150906 0.03505016722408027
5 0.3494969818913481 0.7651839464882942 0.02177062374245473 0.03665551839464883
5 0.3497183098591549 0.8354515050167225 0.020040241448692153 0.033511705685618724
5 0.4133400402414487 0.6472909698996655 0.020905432595573443 0.03240802675585284
5 0.4134808853118712 0.5646153846153846 0.02336016096579477 0.0322742474916388
5 0.4119315895372233 0.5269899665551839 0.02352112676056338 0.034214046822742476
5 0.47412474849094566 0.5023076923076923 0.020422535211267606 0.03692307692307692
5 0.47456740442655937 0.5537123745819398 0.020241448692152917 0.03377926421404682
5 0.4740643863179075 0.5932107023411372 0.02245472837022133 0.032006688963210704
5 0.4751710261569416 0.6318729096989967 0.022515090543259557 0.034280936454849496
5 0.47527162977867204 0.7298662207357859 0.023822937625754527 0.03959866220735786
5 0.5359758551307847 0.6678260869565218 0.02209255533199195 0.03578595317725752
5 0.5999396378269618 0.6259866220735786 0.021488933601609656 0.032943143812709026
5 0.5982897384305835 0.5940802675585284 0.026116700201207245 0.031939799331103684
5 0.5362374245472837 0.445752508361204 0.022173038229376257 0.03511705685618729
5 0.5357545271629778 0.39729096989966556 0.024788732394366197 0.03872909698996656
5 0.5993762575452716 0.4111705685618729 0.030080482897384304 0.048561872909698996
5 0.599456740442656 0.48936454849498323 0.030261569416498994 0.04966555183946488
5 0.6613480885311871 0.3593979933110368 0.024406438631790747 0.03836120401337793
5 0.6624949698189134 0.41638795986622074 0.021911468812877265 0.035618729096989966
5 0.6627565392354124 0.4562876254180602 0.027484909456740442 0.03608695652173913
5 0.7246478873239436 0.4238795986622073 0.027867203219315895 0.036220735785953175
5 0.726297786720322 0.3962876254180602 0.027142857142857142 0.038528428093645484
5 0.7233400402414487 0.29989966555183944 0.022253521126760566 0.032909698996655516
5 0.7875452716297787 0.22762541806020067 0.02295774647887324 0.04230769230769231
5 0.7874647887323943 0.35351170568561874 0.023883299798792754 0.03916387959866221
5 0.7867002012072435 0.4461872909698997 0.020181086519114686 0.034214046822742476
5 0.8515895372233401 0.3018060200668896 0.02466800804828974 0.030869565217391304
5 0.8521730382293762 0.26672240802675584 0.025875251509054325 0.030769230769230767
0 0.09766599597585512 0.5065551839464884 0.017605633802816902 0.6981605351170569
0 0.5373843058350101 0.8430769230769232 0.8920120724346076 0.022307692307692306