5 0.1996875 0.8047412008281574 0.03111328125 0.0305175983436853
5 0.277734375 0.7552587991718427 0.030703125 0.031118012422360248
5 0.400859375 0.7681159420289855 0.0302734375 0.028509316770186335
5 0.4259765625 0.7097929606625258 0.02619140625 0.02991718426501035
5 0.3641015625 0.6806211180124224 0.03875 0.025527950310559006
5 0.326796875 0.6495652173913044 0.02849609375 0.028550724637681157
5 0.39958984375 0.6482815734989648 0.0295703125 0.026956521739130435
5 0.3943359375 0.5955072463768116 0.031015625 0.029710144927536233
5 0.5355078125 0.5865631469979297 0.02796875 0.027432712215320912
5 0.456796875 0.5674327122153209 0.0298046875 0.02722567287784679
5 0.47232421875 0.5530227743271222 0.02935546875 0.02770186335403727
5 0.4580859375 0.5376190476190477 0.02779296875 0.025196687370600414
5 0.4676171875 0.49440993788819876 0.03212890625 0.028571428571428574
5 0.56826171875 0.49685300207039335 0.02990234375 0.03049689440993789
5 0.6126953125 0.45608695652173914 0.0313671875 0.028033126293995857
5 0.57916015625 0.42828157349896484 0.0329296875 0.028053830227743274
5 0.66130859375 0.25231884057971016 0.03099609375 0.03331262939958592
5 0.7648046875 0.1713457556935818 0.0290234375 0.027494824016563144
5 0.81083984375 0.1623809523809524 0.02896484375 0.02710144927536232
5 0.84390625 0.09318840579710144 0.0298046875 0.030227743271221533
0 0.08853515625 0.49757763975155284 0.0234375 0.8488612836438924
0 0.521484375 0.9082194616977226 0.88412109375 0.024844720496894408