5 0.23232421875 0.49963934426229506 0.033203125 0.053377049180327873
5 0.23078125 0.5597704918032786 0.03748046875 0.048622950819672134
5 0.3366796875 0.42239344262295087 0.03171875 0.05239344262295082
5 0.34015625 0.3560655737704918 0.03423828125 0.04321311475409836
5 0.4444140625 0.330655737704918 0.0437109375 0.045377049180327866
5 0.656015625 0.26799999999999996 0.0331640625 0.042
5 0.76216796875 0.32757377049180325 0.03263671875 0.061213114754098366
5 0.872265625 0.3047213114754098 0.03419921875 0.051081967213114754
5 0.87201171875 0.27226229508196725 0.0371875 0.047344262295081964
5 0.8703125 0.21327868852459014 0.0317578125 0.05140983606557377
0 0.12015625 0.44334426229508195 0.0229296875 0.7327213114754098
0 0.54517578125 0.7868852459016393 0.87126953125 0.028524590163934424