5 0.17637894736842105 0.2813031161473088 0.026231578947368422 0.0258356940509915
5 0.23646315789473682 0.3086402266288952 0.02703157894736842 0.032039660056657225
5 0.29993684210526317 0.3188385269121813 0.028442105263157894 0.03481586402266289
5 0.22541052631578945 0.3819546742209632 0.03322105263157894 0.031983002832861186
5 0.313978947368421 0.3852407932011332 0.029894736842105262 0.038526912181303115
5 0.22829473684210524 0.49881019830028334 0.03814736842105263 0.04218130311614731
5 0.15648421052631578 0.5845892351274788 0.042042105263157895 0.04875354107648725
5 0.2448842105263158 0.5888101983002832 0.03581052631578948 0.0469971671388102
5 0.32675789473684214 0.6644192634560906 0.034673684210526315 0.03328611898016997
5 0.31825263157894734 0.6798300283286118 0.032231578947368424 0.03481586402266289
5 0.3329052631578947 0.5305099150141643 0.029305263157894737 0.03790368271954674
5 0.4765894736842105 0.44410764872521247 0.03686315789473685 0.037988668555240794
5 0.5293684210526316 0.4684702549575071 0.033368421052631575 0.04008498583569405
5 0.648821052631579 0.40889518413597736 0.03178947368421053 0.039178470254957506
5 0.3786526315789474 0.7997167138810198 0.02888421052631579 0.03229461756373938
5 0.2536631578947368 0.7953824362606232 0.030273684210526317 0.042889518413597734
5 0.6449052631578946 0.6192351274787535 0.03507368421052632 0.036232294617563734
5 0.7125052631578948 0.5884419263456091 0.028757894736842107 0.038640226628895186
5 0.7709263157894737 0.8627478753541077 0.03633684210526316 0.04626062322946175
5 0.9155578947368421 0.10277620396600567 0.030526315789473683 0.03592067988668555
0 0.11578947368421053 0.48371104815864024 0.023157894736842106 0.8569405099150141
0 0.5310526315789473 0.9015580736543909 0.8494736842105263 0.026912181303116147