5 0.3022265625 0.5552230971128609 0.019375 0.025328083989501312
5 0.30369140625 0.6246456692913386 0.0230078125 0.027086614173228347
5 0.42767578125 0.5974278215223098 0.01953125 0.020236220472440943
5 0.42814453125 0.5798687664041995 0.01974609375 0.022913385826771656
5 0.55294921875 0.5241469816272966 0.02884765625 0.028556430446194228
5 0.55201171875 0.5584514435695538 0.02662109375 0.029842519685039367
5 0.676953125 0.5430971128608924 0.0222265625 0.027716535433070868
5 0.67736328125 0.5163254593175853 0.02234375 0.02461942257217848
5 0.8015625 0.44228346456692913 0.01998046875 0.02309711286089239
5 0.80158203125 0.3738057742782152 0.02470703125 0.033175853018372704
0 0.12900390625 0.4710498687664042 0.03802734375 0.8260892388451444
0 0.54482421875 0.8633858267716535 0.86759765625 0.0441994750656168