5 0.15369140625 0.09181081081081081 0.02484375 0.028621621621621622
5 0.42486328125 0.17205405405405405 0.026328125 0.0327027027027027
5 0.26466796875 0.26156756756756755 0.026796875 0.03162162162162162
5 0.34408203125 0.28059459459459457 0.0251953125 0.031972972972972975
5 0.45693359375 0.41216216216216217 0.02384765625 0.03818918918918919
5 0.57259765625 0.30245945945945946 0.0191796875 0.029675675675675677
5 0.49267578125 0.17486486486486488 0.01951171875 0.031216216216216217
5 0.61111328125 0.341 0.01890625 0.027135135135135133
5 0.62720703125 0.38032432432432434 0.02060546875 0.023783783783783787
5 0.6913671875 0.32494594594594595 0.02009765625 0.024702702702702705
5 0.78775390625 0.2666756756756757 0.0191015625 0.02889189189189189
5 0.95146484375 0.3989189189189189 0.02236328125 0.02827027027027027
5 0.764765625 0.4661891891891892 0.022578125 0.026729729729729732
5 0.547734375 0.5301891891891891 0.02271484375 0.02875675675675676
5 0.5340625 0.5923513513513513 0.01943359375 0.023513513513513513
5 0.54912109375 0.5941621621621622 0.019609375 0.02356756756756757
5 0.58798828125 0.6166486486486487 0.01966796875 0.023945945945945943
5 0.6561328125 0.636 0.0201171875 0.027
5 0.7403125 0.6988918918918918 0.019765625 0.02737837837837838
5 0.5841015625 0.7361081081081081 0.02208984375 0.02694594594594595
5 0.58453125 0.8185945945945946 0.02619140625 0.029702702702702703
5 0.3630859375 0.6661891891891892 0.02638671875 0.03432432432432432
5 0.3684765625 0.5633783783783783 0.026953125 0.032027027027027026
5 0.15666015625 0.7275405405405405 0.02916015625 0.03556756756756757
0 0.1176953125 0.45518918918918916 0.02775390625 0.8108108108108109
0 0.5499609375 0.8492162162162161 0.87994140625 0.0312972972972973