5 0.21572984749455337 0.6764084507042253 0.036601307189542485 0.05038732394366197
5 0.3184095860566449 0.670387323943662 0.03509803921568627 0.04380281690140845
5 0.41753812636165577 0.601725352112676 0.03949891067538126 0.06109154929577465
5 0.5176688453159042 0.5454225352112676 0.03740740740740741 0.053239436619718306
5 0.6193681917211329 0.4768309859154929 0.04163398692810458 0.04436619718309859
5 0.6694553376906317 0.34017605633802817 0.03074074074074074 0.05088028169014084
5 0.7222004357298475 0.251443661971831 0.03814814814814815 0.049225352112676056
5 0.7683442265795207 0.15257042253521128 0.0330718954248366 0.049014084507042255
5 0.8677124183006535 0.07267605633802818 0.039041394335511986 0.05443661971830986
0 0.11546840958605664 0.428169014084507 0.014814814814814814 0.8112676056338028
0 0.5429193899782134 0.8161971830985916 0.8679738562091502 0.029577464788732397