0 0.08653333333333332 0.48695000000000005 0.050833333333333335 0.82725
0 0.5362555555555556 0.8767499999999999 0.9002777777777777 0.07765000000000001
1 0.5318 0.15966666666666665 0.06916666666666667 0.10601666666666666
1 0.6019444444444444 0.2669333333333333 0.09555555555555556 0.14135
1 0.5251444444444444 0.40168333333333334 0.05583333333333333 0.08170000000000001
1 0.49833333333333335 0.5152 0.049444444444444444 0.07121666666666666
1 0.44916666666666666 0.6261833333333333 0.07888888888888888 0.12238333333333334
1 0.9138888888888889 0.65555 0.10277777777777777 0.16026666666666667
1 0.9343111111111111 0.8055166666666667 0.07972222222222222 0.09353333333333333
1 0.3654222222222222 0.4958166666666667 0.06416666666666666 0.10329999999999999
1 0.3368111111111111 0.54105 0.0763888888888889 0.1104
1 0.21153333333333332 0.49043333333333333 0.06583333333333333 0.09913333333333332
1 0.14416666666666667 0.13971666666666666 0.08666666666666667 0.10058333333333333