0 0.09527777777777778 0.47426666666666667 0.07555555555555556 0.7960166666666667
0 0.5527777777777778 0.8779999999999999 0.8583333333333333 0.07181666666666667
1 0.15736666666666665 0.4731166666666667 0.08694444444444445 0.12873333333333334
1 0.43555555555555553 0.2883833333333333 0.09055555555555556 0.13841666666666666
1 0.5304111111111112 0.29338333333333333 0.07194444444444445 0.09843333333333333
1 0.5341666666666667 0.38565 0.06 0.08713333333333334
1 0.5408333333333334 0.5424666666666667 0.07333333333333333 0.11326666666666665
1 0.6208333333333333 0.5812 0.08888888888888889 0.1324
1 0.7673666666666666 0.40375 0.09583333333333334 0.14418333333333333
1 0.8527777777777777 0.59515 0.10277777777777777 0.14781666666666665
1 0.8913888888888889 0.6786666666666666 0.10777777777777778 0.16066666666666668
1 0.6140333333333333 0.75865 0.10027777777777777 0.15395
1 0.6613888888888889 0.6917833333333333 0.10333333333333333 0.15775
1 0.6859777777777778 0.4166666666666667 0.08305555555555555 0.12835000000000002
1 0.7176444444444444 0.3669 0.0575 0.0913
1 0.4543111111111111 0.6888833333333333 0.06416666666666666 0.09359999999999999
1 0.49125555555555556 0.5785 0.09916666666666667 0.14781666666666665