0 0.11208888888888889 0.47905000000000003 0.035277777777777776 0.8364166666666667
0 0.5486111111111112 0.8617499999999999 0.8777777777777778 0.04766666666666667
1 0.3591666666666667 0.3677666666666667 0.09 0.14028333333333334
1 0.16194444444444445 0.192 0.09555555555555556 0.1585
1 0.33847777777777777 0.18615 0.06194444444444445 0.08686666666666666
1 0.4815333333333333 0.14513333333333334 0.10361111111111111 0.11473333333333334
1 0.7052777777777778 0.13763333333333333 0.07555555555555556 0.09641666666666666
1 0.9307 0.5441333333333334 0.08916666666666667 0.14993333333333334
1 0.9295777777777778 0.24173333333333333 0.07583333333333334 0.1118
1 0.9186111111111112 0.6743333333333333 0.08222222222222222 0.11048333333333335
1 0.8058333333333333 0.6135 0.04777777777777778 0.06781666666666666
1 0.30416666666666664 0.4366833333333333 0.044444444444444446 0.06835
1 0.4418111111111111 0.5535166666666667 0.06694444444444445 0.09785
1 0.16027777777777777 0.8217666666666666 0.034444444444444444 0.05103333333333333
1 0.5213888888888889 0.6499333333333333 0.10111111111111111 0.14486666666666667
1 0.6640333333333334 0.7821833333333333 0.08916666666666667 0.1302