0 0.08153333333333333 0.4940333333333334 0.06305555555555556 0.8664000000000001
0 0.5302777777777777 0.8750833333333332 0.9188888888888889 0.07431666666666667
1 0.4543111111111111 0.46941666666666665 0.1025 0.1536833333333333
1 0.38027777777777777 0.48419999999999996 0.10333333333333333 0.15328333333333333
1 0.3447222222222222 0.545 0.03 0.048350000000000004
1 0.19764444444444443 0.4585666666666666 0.0825 0.12535
1 0.14333333333333334 0.4008833333333333 0.08277777777777778 0.11989999999999999
1 0.5361111111111111 0.19116666666666668 0.09722222222222222 0.14351666666666665
1 0.6187555555555555 0.23843333333333333 0.04027777777777778 0.061483333333333334
1 0.7509777777777777 0.37251666666666666 0.10194444444444445 0.1567
1 0.8337444444444444 0.3028 0.08805555555555555 0.1369166666666667
1 0.9330555555555555 0.2788 0.08 0.1276
1 0.9108333333333334 0.61015 0.10222222222222223 0.16113333333333335
1 0.87 0.7559333333333333 0.09277777777777778 0.13605
1 0.8188888888888889 0.8034333333333333 0.10166666666666667 0.11435
1 0.7169444444444445 0.8046833333333333 0.09222222222222222 0.10851666666666666
1 0.51 0.7457333333333334 0.10611111111111111 0.15313333333333332
1 0.7640333333333333 0.12241666666666667 0.05527777777777778 0.07265
1 0.735 0.30338333333333334 0.05611111111111111 0.08510000000000001