0 0.09361111111111112 0.4796666666666667 0.07888888888888888 0.8251666666666667
0 0.5354222222222222 0.8798666666666666 0.8819444444444444 0.08806666666666667
1 0.6838888888888889 0.6314 0.09833333333333333 0.14528333333333335
1 0.3838888888888889 0.8234333333333334 0.05388888888888889 0.07101666666666667
1 0.4632 0.29755 0.059722222222222225 0.0901
1 0.6602777777777777 0.1343 0.07666666666666666 0.08641666666666667
1 0.7611111111111111 0.3183666666666667 0.09722222222222222 0.1484
1 0.9204222222222223 0.33315 0.08527777777777777 0.14880000000000002
1 0.7197222222222223 0.3409 0.057777777777777775 0.08986666666666666
1 0.3220777777777778 0.23468333333333333 0.06694444444444445 0.11063333333333332
1 0.1568 0.46001666666666663 0.0475 0.06828333333333333