0 0.09861111111111111 0.47758333333333336 0.03333333333333333 0.7960166666666667
0 0.5393 0.8663333333333333 0.8897222222222222 0.0485
1 0.4482 0.4018833333333333 0.1075 0.16126666666666667
1 0.9334777777777777 0.2888 0.08361111111111111 0.13091666666666665
1 0.8048666666666666 0.6293166666666666 0.043055555555555555 0.06615
1 0.4175 0.5185166666666667 0.06 0.09455
1 0.2991666666666667 0.6037 0.034444444444444444 0.060750000000000005
1 0.2318 0.5510166666666667 0.06916666666666667 0.10951666666666665
1 0.18457777777777779 0.36356666666666665 0.08583333333333333 0.13463333333333333
1 0.43735555555555555 0.16278333333333334 0.0913888888888889 0.14975
1 0.49027777777777776 0.1393 0.09444444444444444 0.10973333333333334
1 0.1413888888888889 0.29943333333333333 0.04111111111111111 0.05636666666666667