0 0.11014444444444443 0.48008333333333336 0.04805555555555555 0.8176666666666667
0 0.5369444444444444 0.8725833333333333 0.8766666666666667 0.06933333333333333
1 0.49833333333333335 0.5194 0.10611111111111111 0.15371666666666667
1 0.6515333333333333 0.46103333333333335 0.058611111111111114 0.09625
1 0.8990222222222223 0.3614833333333333 0.08138888888888889 0.12213333333333333
1 0.9375 0.6949333333333333 0.03333333333333333 0.051533333333333334
1 0.9216666666666666 0.7722166666666667 0.04833333333333333 0.07306666666666667
1 0.8937555555555555 0.7672 0.06527777777777778 0.10021666666666668
1 0.7836111111111111 0.7851 0.0811111111111111 0.1277
1 0.3761111111111111 0.31689999999999996 0.105 0.15798333333333334
1 0.26361111111111113 0.27318333333333333 0.08555555555555555 0.12885
1 0.17485555555555557 0.21756666666666666 0.09416666666666666 0.13013333333333332
1 0.20708888888888888 0.12533333333333332 0.04138888888888889 0.0585
1 0.2954222222222222 0.4131666666666667 0.03138888888888889 0.041183333333333336
1 0.16347777777777778 0.7982166666666667 0.08805555555555555 0.10811666666666668