0 0.09736666666666666 0.48591666666666666 0.03361111111111111 0.8126666666666668
0 0.5351333333333333 0.8788333333333332 0.8869444444444444 0.07348333333333334
1 0.3036111111111111 0.21403333333333333 0.08777777777777777 0.12721666666666667
1 0.4701444444444444 0.35628333333333334 0.04583333333333333 0.08256666666666666
1 0.5229222222222222 0.35545000000000004 0.05138888888888889 0.0809
1 0.5541666666666667 0.42938333333333334 0.044444444444444446 0.06626666666666667
1 0.6295777777777778 0.5097833333333334 0.03138888888888889 0.052066666666666664
1 0.8561111111111112 0.5035333333333334 0.065 0.09788333333333332
1 0.9366666666666666 0.3577333333333333 0.059444444444444446 0.08965
1 0.8859777777777778 0.20386666666666667 0.09472222222222222 0.12228333333333334
1 0.8952777777777777 0.12908333333333333 0.07333333333333333 0.076
1 0.7402777777777778 0.20445 0.10555555555555556 0.14971666666666666
1 0.7648666666666667 0.11908333333333333 0.059166666666666666 0.06265000000000001
1 0.6468111111111111 0.6859666666666666 0.043611111111111114 0.06278333333333333
1 0.6472222222222223 0.74285 0.041666666666666664 0.06096666666666666
1 0.2966666666666667 0.5197666666666667 0.06833333333333333 0.10536666666666666
1 0.1575 0.3242333333333333 0.08222222222222222 0.12318333333333333
1 0.14846666666666666 0.8048833333333334 0.0913888888888889 0.10478333333333333