0 0.08361111111111111 0.48175 0.058888888888888886 0.8376666666666667
0 0.5293111111111111 0.8798666666666666 0.8919444444444444 0.07808333333333334
1 0.5318 0.41005 0.06416666666666666 0.10158333333333334
1 0.5308333333333334 0.6666166666666667 0.024444444444444446 0.03843333333333333
1 0.6325 0.8101 0.07888888888888888 0.09436666666666667
1 0.8519444444444444 0.54355 0.09333333333333334 0.13873333333333332
1 0.8741666666666666 0.5075166666666666 0.051111111111111114 0.07331666666666667
1 0.8825 0.44044999999999995 0.08777777777777777 0.13241666666666668
1 0.8625 0.28736666666666666 0.07222222222222222 0.09275
1 0.9122222222222223 0.20073333333333332 0.06722222222222222 0.0827
1 0.9345888888888889 0.12408333333333334 0.058611111111111114 0.06933333333333333
1 0.7216666666666667 0.2655166666666667 0.09277777777777778 0.13231666666666667
1 0.7061111111111111 0.16281666666666667 0.035 0.03353333333333333
1 0.6647222222222222 0.31694999999999995 0.04555555555555556 0.05861666666666667
1 0.5718111111111112 0.3706833333333333 0.07305555555555555 0.0928
1 0.5940333333333333 0.24843333333333334 0.09527777777777778 0.14146666666666666
1 0.24638888888888888 0.6359833333333333 0.08444444444444445 0.12945
1 0.2838888888888889 0.45853333333333335 0.08722222222222223 0.14123333333333332
1 0.25194444444444447 0.44916666666666666 0.08444444444444445 0.12666666666666668
1 0.14625555555555556 0.44108333333333327 0.09083333333333334 0.16033333333333333