0 0.08694444444444445 0.49175 0.05444444444444444 0.8243333333333334
0 0.5286111111111111 0.8827833333333333 0.9266666666666666 0.07558333333333334
1 0.6904222222222223 0.5243833333333333 0.08583333333333333 0.12706666666666666
1 0.6508333333333334 0.7467833333333334 0.06 0.0844
1 0.9188888888888889 0.3921 0.04611111111111111 0.07088333333333334
1 0.8793111111111112 0.21594999999999998 0.09694444444444444 0.13978333333333334
1 0.5855555555555556 0.17033333333333334 0.065 0.10185
1 0.40957777777777776 0.15096666666666667 0.0975 0.1364
1 0.30069999999999997 0.13491666666666668 0.08194444444444444 0.09765
1 0.3129222222222222 0.6285166666666667 0.04638888888888889 0.06881666666666666
1 0.2563888888888889 0.6276833333333334 0.06222222222222222 0.08713333333333334
1 0.2544444444444444 0.3007166666666667 0.09388888888888888 0.13275
1 0.1718111111111111 0.8019666666666667 0.10472222222222222 0.10728333333333334
1 0.1529222222222222 0.1595 0.09972222222222223 0.14016666666666666