0 0.09527777777777778 0.48633333333333334 0.06 0.8385
0 0.5388888888888889 0.8809166666666666 0.8861111111111111 0.08598333333333334
1 0.1575 0.18261666666666665 0.03777777777777778 0.05644999999999999
1 0.2025 0.8078 0.08555555555555555 0.10226666666666667
1 0.7136111111111111 0.61665 0.058888888888888886 0.08838333333333334
1 0.29514444444444443 0.17178333333333332 0.09305555555555556 0.12808333333333333
1 0.5858333333333333 0.14263333333333333 0.07 0.10308333333333333
1 0.7008333333333333 0.19823333333333332 0.051111111111111114 0.07103333333333332
1 0.7127777777777777 0.13075 0.08833333333333333 0.08931666666666667
1 0.7618111111111111 0.29238333333333333 0.08194444444444444 0.11608333333333334
1 0.8541666666666666 0.5479333333333333 0.1 0.15081666666666665
1 0.9276444444444445 0.43711666666666665 0.05583333333333333 0.07243333333333334