0 0.09597777777777777 0.48736666666666667 0.03638888888888889 0.8364166666666667
0 0.5359666666666667 0.8667499999999999 0.8941666666666667 0.04766666666666667
1 0.3312555555555555 0.19408333333333333 0.10972222222222222 0.14601666666666666
1 0.32153333333333334 0.132 0.07916666666666666 0.09515000000000001
1 0.47986666666666666 0.328 0.09583333333333334 0.14068333333333333
1 0.5073666666666666 0.4916833333333333 0.09083333333333334 0.12161666666666666
1 0.5145888888888889 0.62415 0.0875 0.12336666666666667
1 0.6276333333333334 0.7614 0.10027777777777777 0.1447
1 0.9359777777777778 0.5351833333333333 0.07194444444444445 0.1112
1 0.3447222222222222 0.8207166666666666 0.04777777777777778 0.06978333333333332
1 0.4047222222222222 0.7134833333333332 0.05444444444444444 0.0822
1 0.3869444444444444 0.49021666666666663 0.056666666666666664 0.07871666666666666
1 0.2011111111111111 0.46523333333333333 0.06722222222222222 0.09536666666666667
1 0.24583333333333332 0.7801 0.07222222222222222 0.11770000000000001
1 0.2897222222222222 0.7980166666666667 0.04888888888888889 0.07853333333333333
1 0.17527777777777778 0.28569999999999995 0.04666666666666667 0.06276666666666667
1 0.14264444444444443 0.46773333333333333 0.07027777777777777 0.10703333333333333