0 0.09527777777777778 0.4778 0.03777777777777778 0.8255833333333333
0 0.5363888888888889 0.86425 0.8977777777777778 0.05266666666666667
1 0.35625555555555555 0.5206000000000001 0.05138888888888889 0.07371666666666667
1 0.45014444444444446 0.42105 0.09472222222222222 0.13291666666666666
1 0.6947222222222222 0.3042166666666667 0.07 0.10341666666666666
1 0.8925 0.29525 0.07666666666666666 0.11468333333333333
1 0.9281888888888888 0.13888333333333333 0.08805555555555555 0.10223333333333334
1 0.4101444444444444 0.19823333333333332 0.08527777777777777 0.12101666666666666
1 0.21736666666666665 0.2873833333333333 0.08194444444444444 0.12608333333333335
1 0.2475 0.13366666666666668 0.04666666666666667 0.07516666666666667
1 0.14416666666666667 0.15158333333333335 0.08666666666666667 0.13098333333333334
1 0.14375555555555555 0.25488333333333335 0.06805555555555555 0.09106666666666667
1 0.40292222222222224 0.8148833333333333 0.06694444444444445 0.09143333333333334
1 0.7958333333333333 0.5968166666666667 0.09444444444444444 0.13448333333333332
1 0.8913888888888889 0.6897166666666666 0.09666666666666666 0.14525000000000002
1 0.8022222222222222 0.6855833333333333 0.07611111111111112 0.11299999999999999