0 0.08708888888888888 0.4925833333333334 0.051944444444444446 0.84265
0 0.5316666666666666 0.8790333333333332 0.905 0.06973333333333334
1 0.8079222222222222 0.14450000000000002 0.10083333333333333 0.12015
1 0.9341666666666667 0.7901 0.08222222222222222 0.12103333333333334
1 0.6819444444444445 0.7580333333333333 0.07777777777777778 0.11521666666666666
1 0.6343111111111112 0.7430333333333333 0.0575 0.08523333333333333
1 0.4797222222222222 0.7124166666666667 0.09555555555555556 0.13648333333333335
1 0.5030555555555556 0.43979999999999997 0.05333333333333334 0.07876666666666667
1 0.5027777777777778 0.23693333333333333 0.06944444444444445 0.11471666666666666
1 0.3269444444444444 0.14388333333333334 0.09888888888888889 0.10891666666666666
1 0.19333333333333333 0.27608333333333335 0.095 0.14301666666666668
1 0.3034777777777778 0.6922166666666666 0.034722222222222224 0.05028333333333334
1 0.38416666666666666 0.77365 0.04888888888888889 0.0673
1 0.45416666666666666 0.7971833333333334 0.06666666666666667 0.09353333333333333
1 0.45611111111111113 0.5941166666666667 0.09833333333333333 0.13323333333333334
1 0.1986111111111111 0.8026 0.1 0.11268333333333333
1 0.15014444444444444 0.7611666666666667 0.028055555555555556 0.04231666666666667
1 0.145 0.68055 0.05388888888888889 0.07695