0 0.0925 0.4784166666666667 0.07666666666666666 0.8476666666666667
0 0.5483333333333333 0.87925 0.8938888888888888 0.08265
1 0.5151333333333333 0.17365 0.030833333333333334 0.045200000000000004
1 0.5380555555555555 0.24280000000000002 0.03222222222222222 0.04025
1 0.5397222222222222 0.5035666666666666 0.09555555555555556 0.13538333333333333
1 0.8445888888888888 0.50105 0.060833333333333336 0.09038333333333333
1 0.9344444444444444 0.42213333333333336 0.07722222222222222 0.11908333333333333
1 0.8327777777777777 0.7118333333333333 0.09277777777777778 0.13549999999999998
1 0.7063888888888888 0.77805 0.09555555555555556 0.12805
1 0.4315333333333333 0.40918333333333334 0.04083333333333333 0.06336666666666667
1 0.495 0.32608333333333334 0.042777777777777776 0.05966666666666666
1 0.5113888888888889 0.12283333333333334 0.06333333333333334 0.0635
1 0.42083333333333334 0.14221666666666666 0.08888888888888889 0.11223333333333334
1 0.2743111111111111 0.30695 0.0625 0.09526666666666667
1 0.15694444444444444 0.16366666666666668 0.08333333333333333 0.11516666666666665
1 0.21986666666666665 0.15033333333333335 0.0825 0.12515
1 0.23542222222222223 0.46044999999999997 0.0625 0.09245
1 0.17083333333333334 0.4819 0.08888888888888889 0.1287
1 0.30972222222222223 0.8142666666666667 0.06666666666666667 0.08603333333333332