0 0.09347777777777777 0.4746666666666667 0.07027777777777777 0.8318333333333334
0 0.5387555555555555 0.8775833333333333 0.8997222222222222 0.07931666666666667
1 0.7195888888888888 0.5602166666666667 0.09972222222222223 0.15539999999999998
1 0.8159777777777778 0.12388333333333333 0.04583333333333333 0.06558333333333334
1 0.9287555555555556 0.18195 0.09083333333333334 0.15473333333333333
1 0.6813888888888889 0.5501666666666667 0.08777777777777777 0.14116666666666666
1 0.4280555555555556 0.6901666666666667 0.09666666666666666 0.14548333333333335
1 0.3590333333333333 0.46165 0.10138888888888889 0.15164999999999998
1 0.3843111111111111 0.5893333333333334 0.07972222222222222 0.11948333333333333
1 0.15611111111111112 0.6543333333333333 0.035 0.0505
1 0.17 0.8042666666666667 0.10388888888888889 0.11601666666666667