0 0.10805555555555556 0.47613333333333335 0.04111111111111111 0.8056
0 0.5388888888888889 0.8696666666666666 0.875 0.07183333333333333
1 0.5693 0.18033333333333335 0.09472222222222222 0.13183333333333333
1 0.8007 0.24026666666666666 0.08027777777777778 0.12138333333333333
1 0.8623666666666666 0.34356666666666663 0.08583333333333333 0.12796666666666667
1 0.9330555555555555 0.26405 0.06444444444444444 0.08940000000000001
1 0.9291666666666667 0.14263333333333333 0.09444444444444444 0.10308333333333333
1 0.9247222222222222 0.5568833333333333 0.0811111111111111 0.12875
1 0.8423666666666667 0.6003666666666667 0.09027777777777778 0.1374
1 0.5654222222222223 0.7157833333333333 0.08027777777777778 0.10676666666666668
1 0.5336111111111111 0.4310833333333333 0.08555555555555555 0.11366666666666667
1 0.49875555555555556 0.36356666666666665 0.05305555555555556 0.08465
1 0.42875555555555556 0.14200000000000002 0.03138888888888889 0.04185
1 0.32485555555555556 0.6651666666666667 0.0725 0.11215000000000001
1 0.16235555555555556 0.6308166666666667 0.09194444444444444 0.16003333333333333
1 0.18180000000000002 0.4319166666666666 0.07527777777777778 0.112
1 0.5533333333333333 0.81135 0.08166666666666667 0.08853333333333332