0 0.09083333333333334 0.48195000000000005 0.07333333333333333 0.8505833333333334
0 0.5351333333333333 0.8761166666666665 0.8869444444444444 0.0889
1 0.5236111111111111 0.7055666666666667 0.03888888888888889 0.05636666666666667
1 0.5311111111111111 0.5037666666666667 0.0961111111111111 0.13913333333333333
1 0.5686111111111111 0.48564999999999997 0.07111111111111111 0.11286666666666667
1 0.7947222222222222 0.7159833333333333 0.04111111111111111 0.060533333333333335
1 0.8402777777777778 0.7609666666666667 0.06111111111111111 0.08721666666666666
1 0.8504111111111111 0.4902333333333333 0.08805555555555555 0.1287
1 0.8438888888888889 0.40796666666666664 0.08166666666666667 0.11406666666666666
1 0.9279222222222222 0.27113333333333334 0.060833333333333336 0.08358333333333333
1 0.8012555555555555 0.20635 0.06972222222222223 0.10061666666666666
1 0.7047222222222222 0.1243 0.05444444444444444 0.07306666666666667
1 0.6952777777777778 0.30945 0.06222222222222222 0.09026666666666666
1 0.4975 0.13783333333333334 0.09111111111111111 0.10015
1 0.4127777777777778 0.2844666666666667 0.09944444444444445 0.14023333333333332
1 0.38861111111111113 0.41858333333333336 0.08666666666666667 0.12200000000000001
1 0.4 0.6918333333333334 0.06944444444444445 0.10883333333333332
1 0.2879222222222222 0.8238666666666666 0.04083333333333333 0.06976666666666667
1 0.2107 0.5195833333333333 0.06194444444444445 0.09081666666666667
1 0.1557 0.22613333333333335 0.0275 0.040233333333333336