0 0.08792222222222222 0.4936166666666667 0.059166666666666666 0.8405666666666666
0 0.5375 0.8809166666666666 0.8888888888888888 0.08598333333333334
1 0.53 0.5651666666666667 0.10166666666666667 0.1545
1 0.6454222222222222 0.5356000000000001 0.07972222222222222 0.12034999999999998
1 0.8458333333333333 0.71095 0.07222222222222222 0.11275
1 0.9363888888888889 0.7301166666666666 0.07555555555555556 0.11773333333333333
1 0.8394444444444444 0.1545 0.10166666666666667 0.13348333333333334
1 0.5263888888888889 0.20198333333333332 0.05555555555555555 0.07186666666666666
1 0.6084777777777778 0.4094 0.03361111111111111 0.05961666666666667
1 0.49916666666666665 0.13946666666666668 0.06777777777777778 0.10311666666666666
1 0.3615333333333333 0.19303333333333333 0.09916666666666667 0.14393333333333333
1 0.3143111111111111 0.37231666666666663 0.09527777777777778 0.14378333333333332
1 0.32805555555555554 0.78905 0.09222222222222222 0.13976666666666668
1 0.22305555555555556 0.3329833333333333 0.06222222222222222 0.08070000000000001
1 0.2734666666666667 0.1645 0.06972222222222223 0.11349999999999999
1 0.2386111111111111 0.14283333333333334 0.09111111111111111 0.10683333333333332
1 0.14277777777777778 0.81405 0.08277777777777778 0.08976666666666666