0 0.10027777777777777 0.48258333333333336 0.058888888888888886 0.8393333333333334
0 0.5352777777777777 0.8769499999999999 0.8955555555555555 0.07390000000000001
1 0.5879222222222222 0.3213 0.04805555555555555 0.07925
1 0.9305555555555556 0.4518666666666667 0.09166666666666666 0.1612333333333333
1 0.8190333333333333 0.8121833333333334 0.07694444444444444 0.0902
1 0.4147222222222222 0.8055166666666667 0.06555555555555556 0.09353333333333333
1 0.45444444444444443 0.1695 0.105 0.1535
1 0.39166666666666666 0.294 0.08055555555555556 0.1205
1 0.26361111111111113 0.31858333333333333 0.08555555555555555 0.12798333333333334
1 0.22375555555555554 0.13138333333333332 0.07472222222222222 0.08391666666666667
1 0.3138888888888889 0.6551333333333333 0.09166666666666666 0.13445000000000001
1 0.15653333333333333 0.70305 0.07972222222222222 0.12191666666666667