0 0.5452777777777778 0.8825666666666666 0.8822222222222222 0.08931666666666667
0 0.09166666666666666 0.48550000000000004 0.06944444444444445 0.8534833333333334
1 0.4791666666666667 0.20008333333333334 0.05 0.0785
1 0.6936111111111111 0.16655 0.04555555555555556 0.0656
1 0.8295777777777777 0.13305 0.09083333333333334 0.09723333333333334
1 0.9358333333333333 0.58245 0.07444444444444444 0.10991666666666668
1 0.8847222222222222 0.76095 0.027777777777777776 0.046066666666666665
1 0.7636111111111111 0.45336666666666664 0.09222222222222222 0.1316
1 0.7343111111111111 0.3319166666666667 0.0575 0.088
1 0.8069444444444445 0.25943333333333335 0.07222222222222222 0.10969999999999999
1 0.8420777777777778 0.23236666666666664 0.03972222222222222 0.06390000000000001
1 0.7227777777777777 0.27921666666666667 0.09833333333333333 0.13676666666666668
1 0.6518 0.7494833333333333 0.07583333333333334 0.11896666666666667
1 0.5916666666666667 0.7678 0.10277777777777777 0.15561666666666668
1 0.5270888888888888 0.7149166666666666 0.05416666666666667 0.07483333333333334
1 0.5163888888888889 0.6086833333333334 0.10222222222222223 0.15405000000000002
1 0.49444444444444446 0.55225 0.08611111111111111 0.12034999999999998
1 0.39597777777777776 0.4354166666666667 0.09194444444444444 0.14083333333333334
1 0.1893111111111111 0.42085 0.034166666666666665 0.05336666666666667
1 0.15833333333333333 0.81135 0.06944444444444445 0.08853333333333332