0 0.09027777777777778 0.48675 0.06111111111111111 0.8143333333333334
0 0.5366666666666666 0.8800666666666666 0.915 0.081
1 0.5120888888888889 0.3736 0.09805555555555556 0.14528333333333335
1 0.3773666666666667 0.19781666666666667 0.07305555555555555 0.09686666666666666
1 0.49152222222222225 0.14596666666666666 0.10583333333333333 0.11308333333333333
1 0.8772222222222222 0.14866666666666667 0.10388888888888889 0.12848333333333334
1 0.9338888888888889 0.4198 0.08722222222222223 0.13875
1 0.8520888888888889 0.4625 0.09305555555555556 0.11998333333333333
1 0.8429222222222222 0.5091833333333333 0.07527777777777778 0.10329999999999999
1 0.8913888888888889 0.6918 0.08555555555555555 0.12441666666666668
1 0.14416666666666667 0.8071833333333334 0.09111111111111111 0.11351666666666667