0 0.08722222222222223 0.49425 0.06055555555555556 0.8459833333333333
0 0.5387555555555555 0.8759166666666666 0.8997222222222222 0.07598333333333333
1 0.49916666666666665 0.3838 0.07666666666666666 0.09573333333333332
1 0.4738888888888889 0.32008333333333333 0.08833333333333333 0.13151666666666667
1 0.47986666666666666 0.27068333333333333 0.09305555555555556 0.14051666666666668
1 0.5652777777777778 0.13991666666666666 0.1 0.10431666666666667
1 0.7418111111111111 0.15991666666666668 0.08861111111111111 0.13099999999999998
1 0.7702777777777777 0.8055166666666667 0.07666666666666666 0.11018333333333333
1 0.8765333333333333 0.7765666666666666 0.030833333333333334 0.04815
1 0.8958333333333334 0.6647333333333333 0.03888888888888889 0.06196666666666666
1 0.9334777777777777 0.8107166666666666 0.08361111111111111 0.09976666666666667
1 0.2432 0.6868333333333334 0.1025 0.15215
1 0.14166666666666666 0.4327333333333333 0.041666666666666664 0.06035
1 0.23305555555555554 0.32631666666666664 0.05333333333333334 0.07736666666666667
1 0.27166666666666667 0.23301666666666668 0.08166666666666667 0.11396666666666666
1 0.24861111111111112 0.19116666666666668 0.1 0.14351666666666665