0 0.08264444444444444 0.49091666666666667 0.05416666666666667 0.8226666666666667
0 0.5269444444444444 0.8788333333333332 0.9011111111111111 0.07348333333333334
1 0.4070888888888889 0.47959999999999997 0.04138888888888889 0.054133333333333325
1 0.7002777777777778 0.6690833333333334 0.10333333333333333 0.14984999999999998
1 0.8926444444444445 0.6999333333333333 0.04083333333333333 0.061516666666666664
1 0.8234777777777778 0.44228333333333336 0.09694444444444444 0.15039999999999998
1 0.9345888888888889 0.2711 0.0525 0.08303333333333333
1 0.6184666666666667 0.19945000000000002 0.06472222222222222 0.10640000000000001
1 0.37875555555555557 0.22551666666666667 0.06472222222222222 0.09563333333333333
1 0.405 0.14033333333333334 0.10388888888888889 0.11181666666666668
1 0.41681111111111113 0.8192666666666667 0.050277777777777775 0.07935
1 0.2247222222222222 0.8074 0.03 0.04313333333333333
1 0.14805555555555555 0.22615 0.09 0.15686666666666668