0 0.0925 0.49278333333333335 0.07666666666666666 0.8722333333333334
0 0.5325 0.8832 0.9122222222222223 0.08473333333333334
1 0.6833333333333333 0.5481 0.05277777777777778 0.07869999999999999
1 0.6802777777777778 0.44271666666666665 0.04111111111111111 0.05959999999999999
1 0.6918111111111112 0.26530000000000004 0.0775 0.1119
1 0.6058333333333333 0.23031666666666667 0.06333333333333334 0.09855
1 0.69 0.12888333333333332 0.06722222222222222 0.0889
1 0.9168111111111111 0.44311666666666666 0.09472222222222222 0.13541666666666666
1 0.9345888888888889 0.6255666666666666 0.08583333333333333 0.13363333333333335
1 0.7929222222222222 0.6249833333333333 0.0975 0.13836666666666667
1 0.6512444444444444 0.8186666666666667 0.058611111111111114 0.07601666666666666
1 0.5054111111111111 0.7543 0.04472222222222222 0.06721666666666666
1 0.33111111111111113 0.6870333333333334 0.029444444444444443 0.039266666666666665
1 0.3888888888888889 0.5202166666666667 0.06944444444444445 0.10206666666666667
1 0.30694444444444446 0.5168833333333334 0.08333333333333333 0.12538333333333335
1 0.2895888888888889 0.4787833333333333 0.08194444444444444 0.12245
1 0.15666666666666668 0.29133333333333333 0.045 0.06401666666666667
1 0.17805555555555555 0.21719999999999998 0.09666666666666666 0.14561666666666667
1 0.2625 0.1295 0.06111111111111111 0.08348333333333334