0 0.09166666666666666 0.49278333333333335 0.06944444444444445 0.8555666666666667
0 0.5301444444444444 0.8800833333333332 0.8991666666666667 0.08431666666666668
1 0.6313888888888889 0.24153333333333332 0.03222222222222222 0.0489
1 0.7470888888888889 0.3304833333333333 0.08361111111111111 0.11901666666666666
1 0.7148666666666667 0.16846666666666665 0.10361111111111111 0.15141666666666664
1 0.5663888888888889 0.13283333333333333 0.07555555555555556 0.09348333333333333
1 0.485 0.20531666666666668 0.08833333333333333 0.13185
1 0.18611111111111112 0.37443333333333334 0.075 0.11030000000000001
1 0.1568 0.31171666666666664 0.07472222222222222 0.10175
1 0.46014444444444447 0.8015666666666666 0.04805555555555555 0.06478333333333333
1 0.7702777777777777 0.7496833333333334 0.09888888888888889 0.14855
1 0.9163888888888889 0.6893 0.04666666666666667 0.06945
1 0.9234777777777777 0.81135 0.07472222222222222 0.08853333333333332
1 0.5712555555555555 0.5502 0.06305555555555556 0.09208333333333334
1 0.5552777777777778 0.5074833333333334 0.09111111111111111 0.12661666666666666
1 0.5708333333333333 0.4202166666666667 0.07777777777777778 0.11460000000000001