0 0.09319999999999999 0.48633333333333334 0.07527777777777778 0.8385
0 0.5416666666666666 0.8829999999999999 0.8916666666666667 0.08181666666666668
1 0.8269444444444445 0.3609 0.06555555555555556 0.09988333333333334
1 0.9325 0.6880499999999999 0.09 0.14191666666666666
1 0.7775 0.8242666666666667 0.035555555555555556 0.05603333333333333
1 0.7698555555555555 0.7453166666666666 0.06194444444444445 0.09398333333333334
1 0.7207 0.3134 0.05305555555555556 0.07818333333333333
1 0.6937555555555556 0.2451 0.07916666666666666 0.1148
1 0.6298666666666667 0.19923333333333335 0.09305555555555556 0.14348333333333335
1 0.5601444444444444 0.2286 0.10361111111111111 0.16469999999999999
1 0.37416666666666665 0.2694166666666667 0.10666666666666667 0.16301666666666667
1 0.3136111111111111 0.14200000000000002 0.10333333333333333 0.10848333333333333
1 0.2743111111111111 0.27171666666666666 0.10416666666666667 0.15510000000000002
1 0.27792222222222224 0.41605 0.08361111111111111 0.12293333333333334
1 0.23014444444444443 0.7009666666666666 0.08805555555555555 0.12608333333333335
1 0.16777777777777778 0.34668333333333334 0.09944444444444445 0.15505
1 0.1554111111111111 0.162 0.06694444444444445 0.10183333333333333