5 0.2722265625 0.1371 0.02978515625 0.03685
5 0.27224609375 0.16940000000000002 0.03265625 0.030899999999999997
5 0.2362890625 0.17635 0.02818359375 0.038725
5 0.216015625 0.1757 0.0233984375 0.03325
5 0.19923828125 0.17554999999999998 0.0278125 0.0342
5 0.1338671875 0.152025 0.02763671875 0.034225
5 0.15765625 0.18257500000000002 0.03083984375 0.0337
5 0.2002734375 0.30165 0.03486328125 0.035325
5 0.17779296875 0.34175 0.0258984375 0.0344
5 0.28271484375 0.37927500000000003 0.03125 0.038149999999999996
5 0.3309375 0.32075000000000004 0.02943359375 0.03435
5 0.30751953125 0.42857500000000004 0.03025390625 0.036699999999999997
5 0.4259375 0.37467500000000004 0.03744140625 0.036125
5 0.30720703125 0.5147999999999999 0.03466796875 0.037025
5 0.5056640625 0.40149999999999997 0.03078125 0.038450000000000005
5 0.66998046875 0.41335 0.0301171875 0.043825
5 0.23970703125 0.6609999999999999 0.034140625 0.0424
5 0.2716796875 0.64655 0.03271484375 0.039
5 0.3308984375 0.685775 0.03375 0.039825
5 0.29416015625 0.782225 0.03455078125 0.0464
5 0.3635546875 0.7468 0.031484375 0.03655
5 0.38765625 0.7456999999999999 0.02947265625 0.0421
5 0.41205078125 0.7719 0.032890625 0.0417
5 0.460625 0.65435 0.0350390625 0.040175
5 0.4593359375 0.696 0.0401953125 0.036775
5 0.5419140625 0.780075 0.03744140625 0.0434
0 0.13455078125 0.45625 0.01953125 0.8014
0 0.5425390625 0.839575 0.8355078125 0.03195