5 0.7945736434108527 0.20997150997150998 0.030155038759689924 0.03860398860398861
5 0.8566666666666667 0.3293162393162393 0.026569767441860466 0.030113960113960114
5 0.9287209302325582 0.32698005698005694 0.023372093023255814 0.032136752136752135
5 0.6168798449612403 0.32094017094017097 0.03428294573643411 0.040484330484330484
5 0.7051356589147287 0.4295156695156695 0.02201550387596899 0.032165242165242164
5 0.7236434108527131 0.43222222222222223 0.02503875968992248 0.02891737891737892
5 0.7150581395348837 0.46977207977207974 0.027538759689922483 0.03504273504273504
5 0.6018992248062015 0.4571794871794872 0.027829457364341083 0.03772079772079772
5 0.5192248062015504 0.4335327635327635 0.03474806201550387 0.03925925925925926
5 0.5643023255813954 0.3759259259259259 0.026472868217054264 0.03225071225071225
5 0.5404457364341085 0.4919373219373219 0.02242248062015504 0.03145299145299145
5 0.5097868217054263 0.5197435897435898 0.025639534883720932 0.038205128205128204
5 0.42393410852713176 0.4809686609686609 0.02618217054263566 0.03168091168091168
5 0.40525193798449616 0.4342165242165242 0.025116279069767444 0.03484330484330484
5 0.36637596899224806 0.49487179487179483 0.028430232558139534 0.03766381766381766
5 0.3338953488372093 0.5475213675213675 0.02804263565891473 0.03185185185185185
5 0.273062015503876 0.5231908831908831 0.02354651162790698 0.03652421652421652
5 0.2936240310077519 0.5913105413105414 0.02021317829457364 0.031908831908831904
5 0.3061627906976744 0.5843304843304843 0.0212015503875969 0.02752136752136752
5 0.3237403100775194 0.6268660968660968 0.02050387596899225 0.028233618233618234
5 0.3278488372093023 0.6467521367521367 0.02265503875968992 0.02641025641025641
5 0.33304263565891473 0.6676923076923077 0.023488372093023253 0.0303988603988604
5 0.3047674418604651 0.6571509971509971 0.02381782945736434 0.030284900284900287
5 0.25759689922480616 0.664017094017094 0.02815891472868217 0.03068376068376068
5 0.2627906976744186 0.6977207977207978 0.030833333333333334 0.03193732193732194
5 0.2351937984496124 0.7198290598290599 0.02131782945736434 0.030256410256410255
5 0.20575581395348838 0.6449572649572649 0.02174418604651163 0.027065527065527065
5 0.29031007751937987 0.7274643874643875 0.0187984496124031 0.03108262108262108
5 0.31029069767441864 0.7294017094017093 0.024031007751937984 0.02638176638176638
5 0.3328100775193798 0.7935042735042734 0.02023255813953488 0.034415954415954415
5 0.3599418604651163 0.7544729344729345 0.019263565891472868 0.026695156695156694
5 0.3707170542635659 0.7644159544159544 0.02046511627906977 0.026467236467236466
5 0.40102713178294574 0.7700569800569801 0.02505813953488372 0.03279202279202279
5 0.4215503875968992 0.6818518518518519 0.017868217054263568 0.024216524216524215
5 0.4075193798449612 0.6953561253561253 0.017945736434108527 0.02247863247863248
5 0.4078875968992248 0.6576353276353276 0.01804263565891473 0.017948717948717947
5 0.49844961240310076 0.6534188034188034 0.019922480620155038 0.023874643874643876
5 0.49926356589147286 0.6767236467236467 0.023430232558139533 0.023532763532763533
5 0.5315116279069767 0.6660968660968661 0.02195736434108527 0.02908831908831909
5 0.4169961240310077 0.56997150997151 0.02224806201550388 0.02846153846153846
5 0.35381782945736434 0.6006552706552707 0.02395348837209302 0.029487179487179487
5 0.3456589147286822 0.6352136752136752 0.01934108527131783 0.022905982905982905
5 0.3719573643410853 0.6585754985754986 0.024748062015503874 0.03068376068376068
5 0.3820736434108527 0.625954415954416 0.02439922480620155 0.028347578347578346
5 0.13517441860465115 0.8315099715099715 0.021705426356589147 0.03484330484330484
5 0.5789341085271318 0.7021937321937322 0.02571705426356589 0.03068376068376068
5 0.5888565891472869 0.5825071225071226 0.023895348837209302 0.025185185185185185
5 0.5885271317829458 0.6028490028490028 0.022325581395348838 0.022735042735042735
5 0.5693410852713178 0.5715954415954416 0.0237015503875969 0.028603988603988603
0 0.08430232558139535 0.48361823361823364 0.01744186046511628 0.7877492877492878
0 0.5300387596899225 0.8710826210826211 0.8992248062015504 0.027065527065527065