5 0.14260960334029227 0.5203761061946903 0.05473903966597077 0.0543141592920354
5 0.21384133611691025 0.48212389380530973 0.054384133611691025 0.053119469026548675
5 0.28258872651357 0.4320132743362832 0.054926931106471816 0.05192477876106195
5 0.3579123173277662 0.4641371681415929 0.05189979123173277 0.05455752212389381
5 0.4272651356993737 0.34845132743362833 0.06258872651356993 0.05699115044247788
5 0.577098121085595 0.2638495575221239 0.0631106471816284 0.05957964601769911
5 0.5016492693110647 0.21073008849557523 0.060626304801670146 0.055066371681415933
5 0.6410647181628393 0.3205530973451327 0.055782881002087684 0.05548672566371681
5 0.715866388308977 0.2840929203539823 0.05319415448851775 0.05836283185840708
5 0.7893945720250523 0.14334070796460177 0.05594989561586639 0.04763274336283186
5 0.8608559498956159 0.21099557522123893 0.05110647181628392 0.054535398230088496
0 0.09851774530271398 0.5074778761061947 0.032630480167014614 0.8545353982300885
0 0.5075782881002088 0.9209070796460177 0.8350730688935282 0.024889380530973452