5 0.13778443113772457 0.44819354838709674 0.023532934131736526 0.03612903225806451
5 0.16493013972055887 0.4002903225806452 0.021377245508982037 0.02932258064516129
5 0.1896806387225549 0.39267741935483874 0.023053892215568864 0.030483870967741935
5 0.21820359281437124 0.3576451612903226 0.021437125748502994 0.0317741935483871
5 0.24538922155688622 0.41500000000000004 0.02223552894211577 0.035322580645161285
5 0.2733333333333333 0.4177741935483871 0.024510978043912175 0.03267741935483871
5 0.2981437125748503 0.3821612903225806 0.02127744510978044 0.03867741935483871
5 0.3259680638722555 0.4128709677419355 0.01900199600798403 0.03574193548387097
5 0.3532734530938124 0.45606451612903226 0.023053892215568864 0.03545161290322581
5 0.3787624750499002 0.4 0.023912175648702596 0.03925806451612903
5 0.4347704590818363 0.35658064516129034 0.02658682634730539 0.03903225806451613
5 0.40668662674650696 0.41941935483870973 0.025449101796407185 0.03129032258064516
5 0.4608782435129741 0.4467096774193548 0.02682634730538922 0.033161290322580646
5 0.4887425149700599 0.49038709677419356 0.022994011976047904 0.03509677419354839
5 0.5162475049900199 0.5082580645161291 0.020818363273453093 0.03458064516129032
5 0.5414171656686627 0.5198387096774194 0.022634730538922156 0.03312903225806452
5 0.5680239520958084 0.537032258064516 0.02007984031936128 0.03480645161290322
5 0.5959680638722554 0.5268709677419355 0.01878243512974052 0.030870967741935484
5 0.6215568862275449 0.4876774193548387 0.022135728542914172 0.03441935483870968
5 0.6506586826347306 0.5259677419354839 0.019500998003992014 0.030193548387096772
5 0.6774051896207585 0.49841935483870964 0.024491017964071854 0.035967741935483875
5 0.7031536926147705 0.6016774193548388 0.026307385229540917 0.029903225806451612
5 0.7332135728542913 0.6080645161290322 0.023852295409181636 0.03870967741935484
5 0.7580838323353294 0.646483870967742 0.022694610778443113 0.0377741935483871
5 0.7850499001996007 0.6598064516129032 0.024530938123752493 0.03687096774193548
5 0.8110179640718562 0.6946451612903226 0.02445109780439122 0.03616129032258065
5 0.8405988023952096 0.7216451612903226 0.026407185628742516 0.03770967741935484
5 0.8658682634730539 0.7356129032258064 0.025129740518962076 0.033999999999999996
5 0.8934131736526947 0.7617096774193548 0.027964071856287426 0.04058064516129032
5 0.9181037924151697 0.7794516129032258 0.024231536926147705 0.04209677419354839
0 0.12497005988023951 0.5385806451612903 0.01562874251497006 0.5722258064516128
0 0.5289421157684631 0.8106451612903226 0.8183632734530938 0.01964516129032258