5 0.2157058823529412 0.1614651162790698 0.04752941176470588 0.04965116279069768
5 0.29972549019607847 0.24274418604651163 0.05170588235294118 0.048720930232558135
5 0.37931372549019604 0.24606976744186046 0.042176470588235294 0.0482093023255814
5 0.4566078431372549 0.32783720930232557 0.05062745098039216 0.05383720930232558
5 0.5383725490196078 0.41267441860465115 0.05031372549019608 0.053651162790697676
5 0.6185098039215686 0.41232558139534886 0.05270588235294117 0.04602325581395349
5 0.6974901960784314 0.4968139534883721 0.04690196078431373 0.05104651162790697
5 0.7795686274509803 0.4945581395348837 0.048725490196078435 0.049186046511627904
5 0.8582745098039216 0.49411627906976746 0.045294117647058825 0.04655813953488372
5 0.9371960784313726 0.5749302325581396 0.039411764705882354 0.04865116279069768
0 0.1360392156862745 0.4702093023255814 0.01715686274509804 0.8822790697674419
0 0.5239019607843137 0.8255813953488372 0.8909411764705882 0.01744186046511628