5 0.14197265625 0.14497282608695652 0.0221875 0.027608695652173915
5 0.17884765625 0.20692934782608696 0.02791015625 0.031195652173913044
5 0.17806640625 0.24092391304347824 0.0263671875 0.029211956521739132
5 0.17857421875 0.2751086956521739 0.02666015625 0.03173913043478261
5 0.14171875 0.2727173913043478 0.025390625 0.02798913043478261
5 0.14234375 0.30293478260869566 0.0258984375 0.026684782608695654
5 0.21669921875 0.33570652173913046 0.0223046875 0.03051630434782609
5 0.21748046875 0.36869565217391304 0.02533203125 0.028614130434782607
5 0.25564453125 0.3353804347826087 0.0218359375 0.026032608695652174
5 0.25595703125 0.3657336956521739 0.02318359375 0.02578804347826087
5 0.25533203125 0.3966576086956522 0.02193359375 0.02486413043478261
5 0.25513671875 0.42929347826086955 0.0193359375 0.025298913043478262
5 0.328671875 0.4594836956521739 0.0273828125 0.028125
5 0.36974609375 0.3658967391304348 0.0230078125 0.027119565217391305
5 0.36765625 0.4598913043478261 0.02251953125 0.029945652173913043
5 0.36859375 0.5254619565217391 0.020703125 0.029402173913043478
5 0.33087890625 0.49399456521739127 0.02216796875 0.028206521739130436
5 0.29322265625 0.49250000000000005 0.0244921875 0.02728260869565217
5 0.29283203125 0.5245380434782608 0.02224609375 0.026521739130434784
5 0.4059375 0.5247554347826088 0.02591796875 0.02375
5 0.44421875 0.5242663043478261 0.0247265625 0.024728260869565217
5 0.4073046875 0.5563586956521739 0.02306640625 0.02635869565217391
5 0.40662109375 0.5864945652173913 0.02474609375 0.024918478260869566
5 0.44396484375 0.5578804347826087 0.02064453125 0.026331521739130434
5 0.48146484375 0.5880706521739131 0.01962890625 0.029130434782608697
5 0.5183984375 0.5882336956521739 0.02162109375 0.027418478260869565
5 0.518515625 0.6187228260869565 0.0225390625 0.025625
5 0.5189453125 0.6520108695652174 0.02123046875 0.026331521739130434
5 0.55607421875 0.6188586956521739 0.021328125 0.02793478260869565
5 0.5561328125 0.6506793478260869 0.02091796875 0.024701086956521737
5 0.59279296875 0.6494565217391305 0.02109375 0.026385869565217393
5 0.5555859375 0.680679347826087 0.01833984375 0.02296195652173913
5 0.62990234375 0.5871467391304348 0.02208984375 0.02728260869565217
5 0.66962890625 0.6803804347826087 0.019453125 0.026521739130434784
5 0.7451953125 0.7147282608695652 0.02490234375 0.034483695652173914
5 0.82126953125 0.7161141304347826 0.03140625 0.033152173913043474
0 0.06373046875 0.46266304347826087 0.01439453125 0.7880434782608695
0 0.51861328125 0.842391304347826 0.924140625 0.01717391304347826