5 0.18526200873362444 0.6973991031390135 0.02759825327510917 0.05233183856502242
5 0.2464410480349345 0.4676681614349776 0.03034934497816594 0.05161434977578475
5 0.30578602620087336 0.45336322869955153 0.024017467248908297 0.05439461883408072
5 0.36545851528384277 0.47542600896860987 0.028711790393013102 0.049147982062780274
5 0.5460043668122271 0.5306726457399104 0.02884279475982533 0.05762331838565022
5 0.609475982532751 0.4025112107623319 0.029104803493449783 0.0525560538116592
5 0.4864628820960699 0.3037668161434977 0.03259825327510917 0.054663677130044844
5 0.4261135371179039 0.16542600896860987 0.029301310043668122 0.05605381165919283
5 0.6700655021834061 0.23623318385650224 0.03165938864628821 0.05739910313901345
5 0.7290829694323144 0.42417040358744396 0.02921397379912664 0.05771300448430493
5 0.7918122270742357 0.46959641255605383 0.03336244541484716 0.05439461883408072
5 0.8511572052401747 0.505201793721973 0.029737991266375545 0.05488789237668162
0 0.12451965065502184 0.3909865470852018 0.011593886462882095 0.7651569506726458
0 0.5485807860262009 0.7553363228699551 0.8597161572052402 0.028026905829596414