5 0.33763671875 0.2775766016713092 0.02044921875 0.02807799442896936
5 0.26064453125 0.26019498607242336 0.02087890625 0.027827298050139275
5 0.42 0.16445682451253482 0.0233203125 0.026462395543175487
5 0.48587890625 0.16727019498607243 0.022734375 0.02473537604456825
5 0.44892578125 0.4125905292479109 0.022265625 0.026601671309192203
5 0.56849609375 0.30192200557103066 0.02267578125 0.030779944289693596
5 0.60505859375 0.33972144846796654 0.02078125 0.03116991643454039
5 0.622421875 0.3804178272980501 0.01953125 0.03181058495821727
5 0.54119140625 0.5300835654596101 0.02341796875 0.02935933147632312
5 0.5271875 0.5975487465181059 0.02130859375 0.02774373259052925
5 0.54484375 0.5984958217270195 0.0215234375 0.026100278551532033
5 0.5827734375 0.6233147632311978 0.02083984375 0.029777158774373258
5 0.64951171875 0.6423119777158774 0.02115234375 0.03323119777158774
5 0.36294921875 0.5701392757660168 0.023359375 0.031309192200557105
5 0.35947265625 0.6769359331476323 0.021953125 0.028217270194986075
5 0.577109375 0.830974930362117 0.0237890625 0.027632311977715877
5 0.1522265625 0.7390529247910863 0.0235546875 0.030334261838440114
5 0.1458984375 0.08278551532033426 0.02296875 0.027409470752089136
5 0.68501953125 0.3229805013927577 0.02251953125 0.029080779944289693
5 0.78388671875 0.2637325905292479 0.02552734375 0.03186629526462396
5 0.75818359375 0.4677994428969359 0.0252734375 0.030584958217270197
5 0.9447265625 0.40022284122562674 0.02255859375 0.03181058495821727
5 0.734296875 0.7095821727019499 0.02560546875 0.02729805013927577
5 0.58052734375 0.7485236768802229 0.02611328125 0.02743732590529248
0 0.109375 0.4561281337047354 0.0234375 0.8314763231197771
0 0.5390625 0.862116991643454 0.880859375 0.03064066852367688