5 0.2565294117647059 0.6908679245283019 0.025745098039215687 0.04958490566037736
5 0.334921568627451 0.6450943396226415 0.02384313725490196 0.039924528301886794
5 0.41552941176470587 0.5939245283018867 0.023941176470588237 0.03966037735849057
5 0.4936470588235294 0.5439622641509434 0.023960784313725492 0.04860377358490566
5 0.5730588235294117 0.47320754716981134 0.0216078431372549 0.046415094339622646
5 0.6533921568627451 0.42290566037735844 0.023980392156862745 0.04947169811320754
5 0.7309411764705882 0.34637735849056606 0.024019607843137256 0.044830188679245285
5 0.8888431372549019 0.1748679245283019 0.024450980392156863 0.0420377358490566
5 0.8098235294117647 0.278188679245283 0.028666666666666667 0.04984905660377359
0 0.17501960784313728 0.4360754716981132 0.015980392156862745 0.718377358490566
0 0.5719019607843138 0.7763773584905661 0.8053725490196079 0.02935849056603774