5 0.12740816326530613 0.75484375 0.027857142857142858 0.0466875
5 0.17518367346938776 0.702625 0.029612244897959182 0.04375
5 0.2247551020408163 0.73171875 0.029326530612244897 0.0396875
5 0.27024489795918366 0.76190625 0.027142857142857146 0.040749999999999995
5 0.3192857142857143 0.75975 0.028918367346938777 0.04121875
5 0.3638571428571428 0.7585625 0.03240816326530612 0.036875000000000005
5 0.4123469387755102 0.72959375 0.028081632653061225 0.037343749999999995
5 0.46110204081632655 0.70565625 0.025775510204081635 0.04975
5 0.5088571428571429 0.6953750000000001 0.03106122448979592 0.042625
5 0.556530612244898 0.686625 0.028224489795918368 0.0414375
5 0.603265306122449 0.68046875 0.02663265306122449 0.04153125
5 0.6512857142857142 0.6314375 0.029489795918367347 0.042125
5 0.6970612244897959 0.58653125 0.027265306122448978 0.035625000000000004
5 0.7455918367346939 0.54525 0.02679591836734694 0.041125
5 0.7932040816326531 0.5076562499999999 0.02820408163265306 0.04253125
5 0.8392244897959185 0.40975 0.033346938775510204 0.03825
5 0.8874897959183674 0.3745625 0.02920408163265306 0.04059375
5 0.9353265306122449 0.14409375 0.027959183673469386 0.041125
0 0.12153061224489796 0.47087500000000004 0.02226530612244898 0.7457499999999999
0 0.5491632653061224 0.8217187499999999 0.8756938775510203 0.03265625