5 0.3505070993914808 0.5971117166212534 0.020669371196754563 0.02201634877384196
5 0.37622718052738335 0.6482833787465939 0.020608519269776877 0.02190735694822888
5 0.36949290060851925 0.6653678474114442 0.020953346855983775 0.020136239782016348
5 0.3532860040567951 0.6943051771117166 0.0185395537525355 0.020190735694822888
5 0.33421906693711967 0.71 0.01851926977687627 0.022207084468664852
5 0.3240567951318458 0.7340326975476839 0.021724137931034483 0.02337874659400545
5 0.2949492900608519 0.7381471389645776 0.022352941176470586 0.021798365122615803
5 0.2660446247464503 0.7476021798365122 0.01563894523326572 0.01891008174386921
5 0.2732657200811359 0.7519073569482289 0.017363083164300203 0.018283378746594005
5 0.2391683569979716 0.7343324250681199 0.019918864097363084 0.01634877384196185
5 0.2120081135902637 0.7240599455040873 0.016288032454361053 0.021389645776566758
5 0.18397565922920894 0.7668119891008175 0.018255578093306288 0.024632152588555854
5 0.1679107505070994 0.7971117166212535 0.016551724137931035 0.018201634877384194
5 0.1820283975659229 0.7953133514986376 0.01563894523326572 0.015694822888283378
5 0.15987829614604462 0.8161852861035422 0.015476673427991887 0.021471389645776568
5 0.17620689655172414 0.82 0.014300202839756592 0.018201634877384194
5 0.19044624746450303 0.8106267029972752 0.017484787018255576 0.020708446866485014
5 0.20699797160243408 0.7912806539509536 0.01845841784989858 0.016893732970027248
5 0.21012170385395537 0.7684468664850136 0.017890466531440163 0.017547683923705724
5 0.20632860040567952 0.7538147138964577 0.0181947261663286 0.02152588555858311
5 0.23352941176470587 0.7642234332425069 0.017586206896551725 0.01904632152588556
5 0.24703853955375255 0.778991825613079 0.019918864097363084 0.016321525885558585
5 0.24099391480730223 0.7985558583106267 0.016267748478701823 0.02111716621253406
5 0.25580121703853953 0.7962942779291553 0.018235294117647058 0.01877384196185286
5 0.29604462474645027 0.8095912806539509 0.019269776876267748 0.02190735694822888
5 0.286288032454361 0.7740599455040872 0.018052738336713996 0.018419618528610352
5 0.2888235294117647 0.786049046321526 0.02152129817444219 0.018419618528610352
5 0.32367139959432045 0.7806811989100817 0.01649087221095335 0.02239782016348774
5 0.33685598377281945 0.7829427792915531 0.01596348884381339 0.022561307901907354
5 0.3467342799188641 0.7876294277929156 0.018113590263691682 0.01991825613079019
5 0.36671399594320486 0.7510354223433242 0.01699797160243408 0.019264305177111717
5 0.36089249492900605 0.7317983651226158 0.018620689655172412 0.01784741144414169
5 0.3683975659229209 0.7099727520435968 0.018316430020283974 0.019427792915531334
5 0.40413793103448276 0.7277656675749318 0.019208924949290062 0.0211716621253406
5 0.3953752535496957 0.7752316076294278 0.01669371196754564 0.02239782016348774
5 0.43569979716024343 0.7916076294277928 0.018235294117647058 0.019727520435967302
5 0.46040567951318456 0.737874659400545 0.014503042596348886 0.018555858310626703
5 0.4664503042596349 0.7471389645776566 0.016774847870182553 0.01904632152588556
5 0.47592292089249494 0.6852316076294278 0.019898580121703854 0.024959128065395096
5 0.785659229208925 0.5846594005449591 0.028904665314401622 0.03474114441416894
5 0.9105476673427991 0.3839509536784741 0.023164300202839758 0.030299727520435964
5 0.9114401622718052 0.224850136239782 0.028275862068965516 0.03152588555858311
0 0.15052738336713994 0.5184196185286103 0.012819472616632861 0.6869482288828338
0 0.5359229208924949 0.8152861035422343 0.8562068965517242 0.021498637602179835