5 0.23188796680497925 0.818404255319149 0.03674273858921162 0.058794326241134745
5 0.29271784232365144 0.7366312056737588 0.03908713692946058 0.04595744680851064
5 0.3462655601659751 0.6465248226950354 0.03556016597510374 0.05191489361702128
5 0.4309128630705394 0.6320212765957447 0.03713692946058091 0.052411347517730494
5 0.4724688796680498 0.6002836879432624 0.03379668049792531 0.05400709219858156
5 0.529792531120332 0.5555673758865248 0.04296680497925311 0.05322695035460993
5 0.6978630705394191 0.5411702127659574 0.03508298755186722 0.0450709219858156
5 0.7028215767634854 0.3852482269503546 0.029439834024896264 0.052411347517730494
5 0.7815767634854772 0.4357446808510638 0.031348547717842325 0.05290780141843972
5 0.7857261410788382 0.31375886524822694 0.03099585062240664 0.057198581560283686
0 0.10041493775933609 0.524113475177305 0.014937759336099586 0.8014184397163121
0 0.5282157676348548 0.9056737588652483 0.8721991701244812 0.026950354609929075