6 0.149375 0.7933333333333333 0.04875 0.21333333333333335
6 0.21 0.7733333333333333 0.04875 0.25333333333333335
6 0.270625 0.6691666666666667 0.04875 0.46166666666666667
6 0.330625 0.6508333333333334 0.04875 0.49833333333333335
6 0.39125 0.7716666666666666 0.04875 0.25666666666666665
6 0.451875 0.72 0.04875 0.36
6 0.5125 0.5391666666666667 0.04875 0.7216666666666667
6 0.573125 0.5708333333333333 0.04875 0.6583333333333333
6 0.63375 0.7116666666666667 0.04875 0.37666666666666665
6 0.694375 0.6683333333333333 0.04875 0.4633333333333333
6 0.755 0.7091666666666666 0.04875 0.38166666666666665
6 0.815 0.5883333333333334 0.04875 0.6233333333333333
6 0.875625 0.7308333333333333 0.04875 0.3383333333333333
0 0.061875 0.5 0.1125 0.8266666666666667