6 0.149375 0.600909090909091 0.04875 0.5981818181818181
6 0.21 0.5945454545454546 0.04875 0.610909090909091
6 0.270625 0.7645454545454545 0.04875 0.27090909090909093
6 0.330625 0.5472727272727272 0.04875 0.7054545454545454
6 0.39125 0.5654545454545454 0.04875 0.6690909090909091
6 0.451875 0.6636363636363637 0.04875 0.4727272727272727
6 0.5125 0.6181818181818182 0.04875 0.5636363636363636
6 0.573125 0.6309090909090909 0.04875 0.5381818181818182
6 0.63375 0.55 0.04875 0.7
6 0.694375 0.7781818181818182 0.04875 0.24363636363636362
6 0.755 0.7890909090909091 0.04875 0.22181818181818183
6 0.815 0.7118181818181818 0.04875 0.37636363636363634
6 0.875625 0.5063636363636363 0.04875 0.7872727272727272
0 0.075 0.5 0.075 0.8236363636363636