6 0.14625 0.5440909090909091 0.05375 0.7718181818181818
6 0.2134375 0.7990909090909091 0.05375 0.26181818181818184
6 0.2803125 0.7454545454545455 0.05375 0.3690909090909091
6 0.3475 0.5659090909090909 0.05375 0.7281818181818182
6 0.414375 0.6736363636363636 0.05375 0.5127272727272727
6 0.4815625 0.6563636363636364 0.05375 0.5472727272727272
6 0.5484375 0.6104545454545455 0.05375 0.639090909090909
6 0.615625 0.6563636363636364 0.05375 0.5472727272727272
6 0.6825 0.7631818181818182 0.05375 0.3336363636363636
6 0.7496875 0.8159090909090909 0.05375 0.22818181818181818
6 0.8165625 0.8086363636363636 0.05375 0.24272727272727274
6 0.88375 0.7377272727272727 0.05375 0.3845454545454545
0 0.0325 0.5704545454545454 0.065 0.7481818181818182