6 0.149375 0.6683333333333333 0.04875 0.4633333333333333
6 0.21 0.6191666666666666 0.04875 0.5616666666666666
6 0.270625 0.7641666666666667 0.04875 0.27166666666666667
6 0.330625 0.54 0.04875 0.72
6 0.39125 0.5758333333333333 0.04875 0.6483333333333333
6 0.451875 0.6858333333333333 0.04875 0.42833333333333334
6 0.5125 0.7033333333333334 0.04875 0.3933333333333333
6 0.573125 0.6458333333333334 0.04875 0.5083333333333333
6 0.63375 0.7008333333333333 0.04875 0.3983333333333333
6 0.694375 0.6175 0.04875 0.565
6 0.755 0.5658333333333333 0.04875 0.6683333333333333
6 0.815 0.5475 0.04875 0.705
6 0.875625 0.6816666666666666 0.04875 0.43666666666666665
0 0.05875 0.5 0.1175 0.8266666666666667