6 0.14625 0.7209090909090909 0.0425 0.35818181818181816
6 0.198125 0.5381818181818182 0.0425 0.7236363636363636
6 0.250625 0.5018181818181818 0.0425 0.7963636363636364
6 0.303125 0.6518181818181819 0.0425 0.49636363636363634
6 0.355625 0.5727272727272728 0.0425 0.6545454545454545
6 0.4075 0.5409090909090909 0.0425 0.7181818181818181
6 0.46 0.6436363636363637 0.0425 0.5127272727272727
6 0.5125 0.7618181818181818 0.0425 0.27636363636363637
6 0.565 0.5154545454545455 0.0425 0.769090909090909
6 0.6175 0.76 0.0425 0.28
6 0.669375 0.5390909090909091 0.0425 0.7218181818181818
6 0.721875 0.7272727272727273 0.0425 0.34545454545454546
6 0.774375 0.6836363636363636 0.0425 0.43272727272727274
6 0.826875 0.78 0.0425 0.24
6 0.87875 0.6936363636363636 0.0425 0.4127272727272727
0 0.075 0.5 0.075 0.8236363636363636