6 0.109375 0.6791666666666667 0.05875 0.5016666666666667
6 0.183125 0.5558333333333333 0.05875 0.7483333333333333
6 0.256875 0.5358333333333334 0.05875 0.7883333333333333
6 0.330625 0.7291666666666666 0.05875 0.40166666666666667
6 0.404375 0.5683333333333334 0.05875 0.7233333333333334
6 0.478125 0.6091666666666666 0.05875 0.6416666666666667
6 0.551875 0.7633333333333333 0.05875 0.3333333333333333
6 0.625625 0.7025 0.05875 0.455
6 0.699375 0.8241666666666667 0.05875 0.21166666666666667
6 0.773125 0.7433333333333333 0.05875 0.37333333333333335
6 0.846875 0.7375 0.05875 0.385
6 0.920625 0.8308333333333333 0.05875 0.19833333333333333
0 0.03625 0.515 0.0725 0.86