6 0.156875 0.7741666666666667 0.06375 0.25166666666666665
6 0.235625 0.575 0.06375 0.65
6 0.315 0.6908333333333333 0.06375 0.41833333333333333
6 0.39375 0.79 0.06375 0.22
6 0.473125 0.6341666666666667 0.06375 0.5316666666666666
6 0.551875 0.5283333333333333 0.06375 0.7433333333333333
6 0.63125 0.5766666666666667 0.06375 0.6466666666666666
6 0.71 0.6966666666666667 0.06375 0.4066666666666667
6 0.789375 0.6641666666666667 0.06375 0.4716666666666667
6 0.868125 0.7433333333333333 0.06375 0.31333333333333335
0 0.063125 0.5 0.095 0.8266666666666667