6 0.182421875 0.5859375 0.04375 0.6083333333333333
6 0.237109375 0.6802083333333333 0.04375 0.4197916666666667
6 0.2921875 0.5234375 0.04375 0.7333333333333333
6 0.347265625 0.5973958333333333 0.04375 0.5854166666666667
6 0.40234375 0.5380208333333333 0.04375 0.7041666666666667
6 0.457421875 0.6802083333333333 0.04375 0.4197916666666667
6 0.5125 0.7229166666666667 0.04375 0.334375
6 0.567578125 0.6604166666666667 0.04375 0.4583333333333333
6 0.62265625 0.6479166666666667 0.04375 0.484375
6 0.677734375 0.6630208333333333 0.04375 0.45416666666666666
6 0.7328125 0.6453125 0.04375 0.48854166666666665
6 0.787890625 0.6755208333333333 0.04375 0.42916666666666664
6 0.842578125 0.7020833333333333 0.04375 0.37604166666666666
0 0.055078125 0.5494791666666666 0.11015625 0.7166666666666667