6 0.18625 0.7618181818181818 0.0525 0.25636363636363635
6 0.2515625 0.7836363636363637 0.0525 0.21272727272727274
6 0.316875 0.6918181818181818 0.0525 0.39636363636363636
6 0.381875 0.7718181818181818 0.0525 0.23636363636363636
6 0.4471875 0.5231818181818182 0.0525 0.7336363636363636
6 0.5125 0.6709090909090909 0.0525 0.4381818181818182
6 0.5778125 0.6672727272727272 0.0525 0.44545454545454544
6 0.643125 0.7654545454545455 0.0525 0.24909090909090909
6 0.708125 0.7695454545454545 0.0525 0.2409090909090909
6 0.7734375 0.5731818181818182 0.0525 0.6336363636363637
6 0.83875 0.5409090909090909 0.0525 0.6981818181818182
0 0.0734375 0.5472727272727272 0.084375 0.7145454545454546