6 0.182421875 0.71875 0.04375 0.34270833333333334
6 0.237109375 0.7802083333333333 0.04375 0.21979166666666666
6 0.2921875 0.7911458333333333 0.04375 0.196875
6 0.347265625 0.7473958333333334 0.04375 0.28541666666666665
6 0.40234375 0.7765625 0.04375 0.22708333333333333
6 0.457421875 0.7270833333333333 0.04375 0.3260416666666667
6 0.5125 0.640625 0.04375 0.49895833333333334
6 0.567578125 0.5776041666666667 0.04375 0.625
6 0.62265625 0.64375 0.04375 0.49270833333333336
6 0.677734375 0.6635416666666667 0.04375 0.453125
6 0.7328125 0.5526041666666667 0.04375 0.6739583333333333
6 0.787890625 0.6723958333333333 0.04375 0.4354166666666667
6 0.842578125 0.5234375 0.04375 0.7333333333333333
0 0.055078125 0.5166666666666667 0.11015625 0.7822916666666667