6 0.142578125 0.5979166666666667 0.04609375 0.6645833333333333
6 0.199609375 0.559375 0.04609375 0.740625
6 0.25703125 0.5984375 0.04609375 0.6625
6 0.314453125 0.5854166666666667 0.04609375 0.6895833333333333
6 0.371875 0.665625 0.04609375 0.528125
6 0.42890625 0.5864583333333333 0.04609375 0.6864583333333333
6 0.486328125 0.7671875 0.04609375 0.3260416666666667
6 0.54375 0.5494791666666666 0.04609375 0.7604166666666666
6 0.60078125 0.6114583333333333 0.04609375 0.6364583333333333
6 0.658203125 0.7520833333333333 0.04609375 0.35520833333333335
6 0.715625 0.5442708333333334 0.04609375 0.771875
6 0.773046875 0.5588541666666667 0.04609375 0.7427083333333333
6 0.830078125 0.7244791666666667 0.04609375 0.4114583333333333
6 0.8875 0.7453125 0.04609375 0.3697916666666667
0 0.0359375 0.5536458333333333 0.071875 0.8