6 0.176953125 0.6333333333333333 0.03359375 0.5135416666666667
6 0.21875 0.69375 0.03359375 0.3927083333333333
6 0.2609375 0.6828125 0.03359375 0.41458333333333336
6 0.302734375 0.7682291666666666 0.03359375 0.24375
6 0.344921875 0.7765625 0.03359375 0.22604166666666667
6 0.38671875 0.7963541666666667 0.03359375 0.1875
6 0.428515625 0.553125 0.03359375 0.6739583333333333
6 0.470703125 0.6234375 0.03359375 0.5333333333333333
6 0.5125 0.7447916666666666 0.03359375 0.290625
6 0.554296875 0.7854166666666667 0.03359375 0.209375
6 0.596484375 0.6682291666666667 0.03359375 0.44375
6 0.63828125 0.5697916666666667 0.03359375 0.640625
6 0.680078125 0.5234375 0.03359375 0.7333333333333333
6 0.722265625 0.7947916666666667 0.03359375 0.190625
6 0.7640625 0.5744791666666667 0.03359375 0.63125
6 0.80625 0.5578125 0.03359375 0.6645833333333333
6 0.848046875 0.7083333333333334 0.03359375 0.36354166666666665
0 0.055078125 0.5114583333333333 0.11015625 0.7916666666666666