6 0.1890625 0.7130208333333333 0.0578125 0.353125
6 0.2609375 0.7057291666666666 0.0578125 0.36770833333333336
6 0.3328125 0.5255208333333333 0.0578125 0.728125
6 0.4046875 0.7640625 0.0578125 0.2520833333333333
6 0.4765625 0.7302083333333333 0.0578125 0.31979166666666664
6 0.5484375 0.5234375 0.0578125 0.7333333333333333
6 0.6203125 0.5651041666666666 0.0578125 0.6489583333333333
6 0.6921875 0.6369791666666667 0.0578125 0.5052083333333334
6 0.7640625 0.7578125 0.0578125 0.2635416666666667
6 0.8359375 0.7932291666666667 0.0578125 0.19375
0 0.05859375 0.5229166666666667 0.1171875 0.7697916666666667