6 0.141015625 0.675 0.04296875 0.509375
6 0.19453125 0.7463541666666667 0.04296875 0.36770833333333336
6 0.24765625 0.5494791666666666 0.04296875 0.7604166666666666
6 0.301171875 0.6442708333333333 0.04296875 0.5708333333333333
6 0.3546875 0.6822916666666666 0.04296875 0.49583333333333335
6 0.408203125 0.8166666666666667 0.04296875 0.22708333333333333
6 0.46171875 0.7869791666666667 0.04296875 0.2864583333333333
6 0.51484375 0.5442708333333334 0.04296875 0.771875
6 0.568359375 0.8067708333333333 0.04296875 0.24583333333333332
6 0.621875 0.7817708333333333 0.04296875 0.296875
6 0.675390625 0.6807291666666667 0.04296875 0.4979166666666667
6 0.72890625 0.7416666666666667 0.04296875 0.3770833333333333
6 0.78203125 0.7411458333333333 0.04296875 0.378125
6 0.835546875 0.7385416666666667 0.04296875 0.38333333333333336
6 0.8890625 0.8135416666666667 0.04296875 0.23333333333333334
0 0.036328125 0.5546875 0.07265625 0.7989583333333333