6 0.139453125 0.6380208333333334 0.03984375 0.5833333333333334
6 0.189453125 0.621875 0.03984375 0.615625
6 0.23984375 0.7078125 0.03984375 0.44375
6 0.28984375 0.5776041666666667 0.03984375 0.7052083333333333
6 0.33984375 0.575 0.03984375 0.709375
6 0.38984375 0.7505208333333333 0.03984375 0.359375
6 0.43984375 0.5776041666666667 0.03984375 0.7041666666666667
6 0.48984375 0.8057291666666667 0.03984375 0.24895833333333334
6 0.53984375 0.5828125 0.03984375 0.6947916666666667
6 0.590234375 0.7421875 0.03984375 0.375
6 0.640234375 0.5442708333333334 0.03984375 0.771875
6 0.690234375 0.6447916666666667 0.03984375 0.5708333333333333
6 0.740234375 0.6947916666666667 0.03984375 0.46979166666666666
6 0.790234375 0.740625 0.03984375 0.37916666666666665
6 0.840234375 0.6447916666666667 0.03984375 0.5708333333333333
6 0.890625 0.6807291666666667 0.03984375 0.4979166666666667
0 0.036328125 0.5572916666666666 0.07265625 0.79375