6 0.1475 0.6941666666666667 0.045 0.4116666666666667
6 0.20375 0.7866666666666666 0.045 0.22666666666666666
6 0.26 0.705 0.045 0.39
6 0.31625 0.7658333333333334 0.045 0.2683333333333333
6 0.371875 0.61 0.045 0.58
6 0.428125 0.5691666666666667 0.045 0.6616666666666666
6 0.484375 0.7383333333333333 0.045 0.3233333333333333
6 0.540625 0.745 0.045 0.31
6 0.596875 0.5233333333333333 0.045 0.7533333333333333
6 0.653125 0.5108333333333334 0.045 0.7783333333333333
6 0.70875 0.5991666666666666 0.045 0.6016666666666667
6 0.765 0.5533333333333333 0.045 0.6933333333333334
6 0.82125 0.5658333333333333 0.045 0.6683333333333333
6 0.8775 0.7941666666666667 0.045 0.21166666666666667
0 0.06125 0.5 0.09625 0.8216666666666667