6 0.183984375 0.6786458333333333 0.04765625 0.42291666666666666
6 0.24375 0.721875 0.04765625 0.33541666666666664
6 0.303515625 0.6026041666666667 0.04765625 0.5739583333333333
6 0.36328125 0.5578125 0.04765625 0.6645833333333333
6 0.423046875 0.7604166666666666 0.04765625 0.259375
6 0.4828125 0.5234375 0.04765625 0.7333333333333333
6 0.5421875 0.6963541666666667 0.04765625 0.38645833333333335
6 0.601953125 0.5802083333333333 0.04765625 0.6197916666666666
6 0.66171875 0.6609375 0.04765625 0.4583333333333333
6 0.721484375 0.64375 0.04765625 0.49166666666666664
6 0.78125 0.6005208333333333 0.04765625 0.5791666666666667
6 0.841015625 0.6885416666666667 0.04765625 0.403125
0 0.067578125 0.5833333333333334 0.10390625 0.6489583333333333