6 0.139453125 0.5645833333333333 0.03984375 0.7302083333333333
6 0.189453125 0.8109375 0.03984375 0.23854166666666668
6 0.23984375 0.6697916666666667 0.03984375 0.5197916666666667
6 0.28984375 0.5645833333333333 0.03984375 0.73125
6 0.33984375 0.5442708333333334 0.03984375 0.771875
6 0.38984375 0.6671875 0.03984375 0.5260416666666666
6 0.43984375 0.6947916666666667 0.03984375 0.4708333333333333
6 0.48984375 0.559375 0.03984375 0.740625
6 0.53984375 0.8114583333333333 0.03984375 0.2375
6 0.590234375 0.6244791666666667 0.03984375 0.6104166666666667
6 0.640234375 0.6572916666666667 0.03984375 0.5447916666666667
6 0.690234375 0.6885416666666667 0.03984375 0.48333333333333334
6 0.740234375 0.684375 0.03984375 0.49166666666666664
6 0.790234375 0.7989583333333333 0.03984375 0.26145833333333335
6 0.840234375 0.7869791666666667 0.03984375 0.28541666666666665
6 0.890625 0.7625 0.03984375 0.334375
0 0.035546875 0.5802083333333333 0.07109375 0.7479166666666667