6 0.149375 0.65 0.04875 0.5
6 0.21 0.5508333333333333 0.04875 0.6983333333333334
6 0.270625 0.6025 0.04875 0.595
6 0.330625 0.7675 0.04875 0.265
6 0.39125 0.7725 0.04875 0.255
6 0.451875 0.5283333333333333 0.04875 0.7433333333333333
6 0.5125 0.8 0.04875 0.2
6 0.573125 0.6675 0.04875 0.465
6 0.63375 0.5833333333333334 0.04875 0.6333333333333333
6 0.694375 0.7008333333333333 0.04875 0.3983333333333333
6 0.755 0.7391666666666666 0.04875 0.32166666666666666
6 0.815 0.5158333333333334 0.04875 0.7683333333333333
6 0.875625 0.5875 0.04875 0.625
0 0.076875 0.5 0.08125 0.8266666666666667