6 0.144140625 0.7083333333333334 0.04921875 0.4427083333333333
6 0.205859375 0.5442708333333334 0.04921875 0.771875
6 0.26796875 0.825 0.04921875 0.21041666666666667
6 0.3296875 0.6130208333333333 0.04921875 0.6333333333333333
6 0.39140625 0.7786458333333334 0.04921875 0.3020833333333333
6 0.453125 0.559375 0.04921875 0.7416666666666667
6 0.51484375 0.6880208333333333 0.04921875 0.484375
6 0.576953125 0.6776041666666667 0.04921875 0.5052083333333334
6 0.638671875 0.6802083333333333 0.04921875 0.5
6 0.700390625 0.6369791666666667 0.04921875 0.5864583333333333
6 0.762109375 0.5942708333333333 0.04921875 0.671875
6 0.823828125 0.7833333333333333 0.04921875 0.29375
6 0.885546875 0.7442708333333333 0.04921875 0.371875
0 0.03515625 0.5666666666666667 0.0703125 0.7625