6 0.1475 0.5175 0.045 0.765
6 0.20375 0.7116666666666667 0.045 0.37666666666666665
6 0.26 0.5183333333333333 0.045 0.7633333333333333
6 0.31625 0.7183333333333334 0.045 0.36333333333333334
6 0.371875 0.6558333333333334 0.045 0.48833333333333334
6 0.428125 0.6691666666666667 0.045 0.46166666666666667
6 0.484375 0.67 0.045 0.46
6 0.540625 0.7541666666666667 0.045 0.2916666666666667
6 0.596875 0.5358333333333334 0.045 0.7283333333333334
6 0.653125 0.6925 0.045 0.415
6 0.70875 0.6708333333333333 0.045 0.4583333333333333
6 0.765 0.6416666666666667 0.045 0.5166666666666667
6 0.82125 0.7916666666666666 0.045 0.21666666666666667
6 0.8775 0.6141666666666666 0.045 0.5716666666666667
0 0.070625 0.5 0.095 0.8266666666666667