6 0.186328125 0.6505208333333333 0.05234375 0.4791666666666667
6 0.2515625 0.5520833333333334 0.05234375 0.6760416666666667
6 0.316796875 0.7739583333333333 0.05234375 0.23229166666666667
6 0.38203125 0.5885416666666666 0.05234375 0.603125
6 0.447265625 0.690625 0.05234375 0.39895833333333336
6 0.5125 0.675 0.05234375 0.43020833333333336
6 0.577734375 0.5234375 0.05234375 0.7333333333333333
6 0.64296875 0.7713541666666667 0.05234375 0.23645833333333333
6 0.708203125 0.7427083333333333 0.05234375 0.2947916666666667
6 0.7734375 0.5833333333333334 0.05234375 0.6135416666666667
6 0.838671875 0.596875 0.05234375 0.5854166666666667
0 0.055078125 0.5088541666666667 0.11015625 0.7979166666666667