6 0.14625 0.5440909090909091 0.05375 0.7718181818181818
6 0.2134375 0.7440909090909091 0.05375 0.3718181818181818
6 0.2803125 0.8072727272727273 0.05375 0.24545454545454545
6 0.3475 0.6909090909090909 0.05375 0.4781818181818182
6 0.414375 0.6345454545454545 0.05375 0.5909090909090909
6 0.4815625 0.6004545454545455 0.05375 0.6590909090909091
6 0.5484375 0.7968181818181819 0.05375 0.26636363636363636
6 0.615625 0.7127272727272728 0.05375 0.43454545454545457
6 0.6825 0.6963636363636364 0.05375 0.4672727272727273
6 0.7496875 0.6145454545454545 0.05375 0.6309090909090909
6 0.8165625 0.7836363636363637 0.05375 0.2927272727272727
6 0.88375 0.6036363636363636 0.05375 0.6527272727272727
0 0.035 0.5713636363636364 0.07 0.7463636363636363