6 0.099375 0.7790909090909091 0.03875 0.3018181818181818
6 0.148125 0.6963636363636364 0.03875 0.4672727272727273
6 0.1975 0.6063636363636363 0.03875 0.6472727272727272
6 0.24625 0.7436363636363637 0.03875 0.37272727272727274
6 0.295 0.5518181818181818 0.03875 0.7563636363636363
6 0.34375 0.7290909090909091 0.03875 0.4018181818181818
6 0.3925 0.6236363636363637 0.03875 0.6127272727272727
6 0.441875 0.5845454545454546 0.03875 0.6909090909090909
6 0.490625 0.81 0.03875 0.24
6 0.539375 0.7218181818181818 0.03875 0.4163636363636364
6 0.588125 0.6727272727272727 0.03875 0.5145454545454545
6 0.6375 0.8081818181818182 0.03875 0.24363636363636362
6 0.68625 0.5590909090909091 0.03875 0.7418181818181818
6 0.735 0.52 0.03875 0.82
6 0.78375 0.6163636363636363 0.03875 0.6272727272727273
6 0.8325 0.6936363636363636 0.03875 0.4727272727272727
6 0.881875 0.8081818181818182 0.03875 0.24363636363636362
6 0.930625 0.5790909090909091 0.03875 0.7018181818181818
0 0.034375 0.5154545454545455 0.06875 0.8527272727272728