6 0.15125 0.7909090909090909 0.0525 0.21818181818181817
6 0.216875 0.7363636363636363 0.0525 0.32727272727272727
6 0.2825 0.63 0.0525 0.54
6 0.348125 0.7954545454545454 0.0525 0.20909090909090908
6 0.41375 0.7136363636363636 0.0525 0.37272727272727274
6 0.479375 0.6763636363636364 0.0525 0.44727272727272727
6 0.545625 0.5345454545454545 0.0525 0.730909090909091
6 0.61125 0.6636363636363637 0.0525 0.4727272727272727
6 0.676875 0.7118181818181818 0.0525 0.37636363636363634
6 0.7425 0.7581818181818182 0.0525 0.28363636363636363
6 0.808125 0.5827272727272728 0.0525 0.6345454545454545
6 0.87375 0.59 0.0525 0.62
0 0.075 0.5 0.075 0.8236363636363636