6 0.146484375 0.7067708333333333 0.05390625 0.44583333333333336
6 0.21328125 0.6520833333333333 0.05390625 0.55625
6 0.28046875 0.8010416666666667 0.05390625 0.25729166666666664
6 0.347265625 0.5578125 0.05390625 0.74375
6 0.414453125 0.5442708333333334 0.05390625 0.771875
6 0.481640625 0.6572916666666667 0.05390625 0.5458333333333333
6 0.5484375 0.7395833333333334 0.05390625 0.38125
6 0.615625 0.7859375 0.05390625 0.2875
6 0.682421875 0.6208333333333333 0.05390625 0.6177083333333333
6 0.749609375 0.7072916666666667 0.05390625 0.44583333333333336
6 0.816796875 0.7536458333333333 0.05390625 0.353125
6 0.88359375 0.8078125 0.05390625 0.24479166666666666
0 0.036328125 0.5473958333333333 0.07265625 0.8135416666666667