6 0.1840625 0.67 0.0475 0.44
6 0.24375 0.5272727272727272 0.0475 0.7254545454545455
6 0.3034375 0.5231818181818182 0.0475 0.7336363636363636
6 0.363125 0.6268181818181818 0.0475 0.5263636363636364
6 0.4228125 0.6695454545454546 0.0475 0.4409090909090909
6 0.4825 0.7345454545454545 0.0475 0.3109090909090909
6 0.5425 0.7177272727272728 0.0475 0.34454545454545454
6 0.6021875 0.7895454545454546 0.0475 0.2009090909090909
6 0.661875 0.6995454545454546 0.0475 0.3809090909090909
6 0.7215625 0.7718181818181818 0.0475 0.23636363636363636
6 0.78125 0.6268181818181818 0.0475 0.5263636363636364
6 0.8409375 0.78 0.0475 0.22
0 0.0759375 0.5486363636363636 0.07375 0.7118181818181818