1 0.330375 0.068984375 0.141015625 0.137078125
1 0.15557812499999998 0.255953125 0.147828125 0.14556249999999998
1 0.25187499999999996 0.42440625 0.22764062499999999 0.22532812500000002
1 0.40840624999999997 0.28234375 0.08054687499999999 0.0855625
1 0.495703125 0.337375 0.043078125 0.042234375000000005
1 0.58546875 0.262046875 0.105296875 0.108125
1 0.8691875 0.210390625 0.11334375000000001 0.11760937499999999
1 0.61184375 0.44921875 0.1535625 0.15225
1 0.749203125 0.3506875 0.0448125 0.046296875
1 0.10279687500000001 0.695109375 0.1325 0.13509374999999998
1 0.747390625 0.565640625 0.158484375 0.164921875
1 0.22368749999999998 0.86965625 0.21185937500000002 0.21349999999999997
1 0.4519375 0.77515625 0.181125 0.182421875
1 0.641609375 0.752375 0.20407812500000003 0.20453125
1 0.9059531249999999 0.8931093750000001 0.15528124999999998 0.15215625
1 0.9319062499999999 0.772921875 0.0673125 0.06425