1 0.912296875 0.11460937499999999 0.08159374999999999 0.08675000000000001
1 0.627609375 0.21559374999999997 0.19046875000000002 0.191109375
1 0.292921875 0.18778125 0.1554375 0.155015625
1 0.0453125 0.303671875 0.06525 0.06959375
1 0.33340625 0.38609375 0.2461875 0.244203125
1 0.874484375 0.47367187499999996 0.20601562499999998 0.20953125
1 0.77446875 0.641015625 0.18165625000000002 0.185078125
1 0.130203125 0.540078125 0.16671875 0.166671875
1 0.352671875 0.8138125 0.20178124999999997 0.206671875
1 0.451734375 0.721328125 0.048546875 0.055859375
1 0.5444375 0.6813281250000001 0.038765625 0.044171875
1 0.789109375 0.947015625 0.093828125 0.092453125