1 0.459296875 0.0474375 0.058796875000000005 0.059296875000000006
1 0.133765625 0.163875 0.21026562499999998 0.218421875
1 0.451265625 0.191859375 0.09914062500000001 0.096546875
1 0.7885 0.16040625 0.10989062499999999 0.1160625
1 0.779390625 0.050031250000000006 0.06565625 0.0645
1 0.632359375 0.12245312500000001 0.144625 0.148609375
1 0.5655625 0.2861875 0.080453125 0.0813125
1 0.6310625 0.24346874999999998 0.048343750000000005 0.05228125
1 0.89346875 0.101859375 0.120265625 0.1204375
1 0.8249375000000001 0.26190625 0.06996875 0.076125
1 0.9157968750000001 0.3531875 0.151921875 0.15025
1 0.300328125 0.35584375 0.06621875 0.0688125
1 0.124 0.40462499999999996 0.23846875 0.24009375
1 0.25934375 0.4788125 0.049312499999999995 0.050109375
1 0.454078125 0.41004687500000003 0.20453125 0.203234375
1 0.63128125 0.50028125 0.051375000000000004 0.054000000000000006
1 0.71975 0.44800000000000006 0.11554687500000001 0.10996874999999999
1 0.9116875 0.5838125 0.061265625000000004 0.069234375
1 0.73775 0.608515625 0.173234375 0.17071875
1 0.450171875 0.635625 0.1880625 0.184140625
1 0.579875 0.89346875 0.14378125 0.14196875
1 0.557546875 0.75925 0.04271875 0.042703124999999995
1 0.59853125 0.7006875 0.10300000000000001 0.10778125000000001
1 0.715203125 0.74665625 0.093421875 0.095625
1 0.12054687500000001 0.78071875 0.05803125 0.063953125
1 0.7626875 0.89434375 0.132015625 0.12634375