1 0.21973437499999998 0.104546875 0.189859375 0.18939062499999998
1 0.16415625 0.255609375 0.10215624999999999 0.097375
1 0.14164062500000002 0.400546875 0.122796875 0.12451562499999999
1 0.538046875 0.12073437499999999 0.20431249999999998 0.207671875
1 0.844375 0.20750000000000002 0.2426875 0.24046875
1 0.590109375 0.37896874999999997 0.21275 0.21271874999999998
1 0.31428124999999996 0.493734375 0.055203125 0.0528125
1 0.8816875 0.48479687499999996 0.2 0.203859375
1 0.48878125 0.6124375 0.244671875 0.2433125
1 0.265484375 0.6832812500000001 0.10774999999999998 0.11287499999999999
1 0.9016249999999999 0.7445 0.1038125 0.09925
1 0.922265625 0.645296875 0.1113125 0.11195312500000001
1 0.74540625 0.726203125 0.16671875 0.165859375
1 0.9145312499999999 0.8165156250000001 0.049859375 0.041515625
1 0.43414062500000006 0.892265625 0.16821875 0.169546875
1 0.6389218750000001 0.8909218750000001 0.066359375 0.063625
1 0.816234375 0.91271875 0.15826562500000002 0.15884375