1 0.06446874999999999 0.16929687499999999 0.1145 0.11664062500000001
1 0.049578125 0.070578125 0.07570312500000001 0.08159374999999999
1 0.2031875 0.11225 0.062578125 0.06298437500000001
1 0.18175 0.245984375 0.060328124999999996 0.06428125
1 0.26271875 0.25253125 0.082421875 0.08006250000000001
1 0.27309375 0.14810937500000002 0.045421875 0.0471875
1 0.276703125 0.071875 0.0833125 0.084203125
1 0.381578125 0.13434375 0.10809375000000002 0.105375
1 0.5559375 0.15059375 0.06428125 0.065671875
1 0.544875 0.07864062499999999 0.04309375 0.043609375
1 0.8867968749999999 0.12057812500000001 0.22523437500000001 0.22671875
1 0.6242656249999999 0.104125 0.10621875 0.10809375000000002
1 0.45284375 0.3481875 0.1784375 0.18115625
1 0.41451562500000005 0.222984375 0.101765625 0.09767187499999999
1 0.7212500000000001 0.21531250000000002 0.11971875000000001 0.125640625
1 0.619984375 0.31278125 0.174328125 0.178015625
1 0.828375 0.335109375 0.16885937499999998 0.173046875
1 0.7013906249999999 0.5606718749999999 0.21535937500000002 0.21814062500000003
1 0.738390625 0.37887499999999996 0.045734375 0.044015625
1 0.9213125 0.424203125 0.09125 0.09406250000000001
1 0.97340625 0.337140625 0.046578125 0.0553125
1 0.32090625 0.364875 0.099546875 0.106265625
1 0.048234375 0.334671875 0.08203125 0.081921875
1 0.184 0.448546875 0.1550625 0.151796875
1 0.438875 0.48035937500000003 0.087328125 0.084578125
1 0.07710937500000001 0.5018281250000001 0.04953125 0.050828125
1 0.117015625 0.694015625 0.20604687500000002 0.20960937500000001
1 0.119046875 0.5565781249999999 0.079296875 0.074609375
1 0.30240625 0.58815625 0.161796875 0.1648125
1 0.8811562500000001 0.629015625 0.11921875 0.12475
1 0.8362812500000001 0.511296875 0.052031249999999994 0.051734375
1 0.701171875 0.736421875 0.11115625 0.11396875
1 0.79815625 0.87715625 0.108421875 0.10670312500000001
1 0.80334375 0.790328125 0.08542187500000001 0.083734375
1 0.7679375 0.684734375 0.042578125 0.0421875
1 0.483078125 0.594515625 0.0999375 0.105375
1 0.242640625 0.8426406249999999 0.1640625 0.1685
1 0.091078125 0.830015625 0.08471875 0.08010937500000001
1 0.149734375 0.912109375 0.0594375 0.058421875
1 0.305359375 0.963765625 0.06390625 0.063359375
1 0.38271875 0.8500937499999999 0.07876562499999999 0.07964062499999999
1 0.386328125 0.7826562499999999 0.07696875 0.075609375
1 0.380453125 0.691546875 0.074265625 0.07384375
1 0.54759375 0.9033125 0.052109375 0.050749999999999997
1 0.496375 0.738453125 0.161734375 0.16765625
1 0.5985625 0.80565625 0.081859375 0.08553125
1 0.6111875 0.87715625 0.04396875 0.043546875
1 0.64525 0.8963281249999999 0.04440625 0.041281250000000005
1 0.678171875 0.8324999999999999 0.056125 0.053484374999999994
1 0.93484375 0.8606875 0.10928125 0.114375