1 0.175171875 0.120484375 0.22271875 0.23064062500000002
1 0.540625 0.248078125 0.20290625 0.20432812500000003
1 0.8441562499999999 0.323421875 0.246921875 0.24707812499999998
1 0.10575000000000001 0.289890625 0.04634375 0.04396875
1 0.08909375 0.4163125 0.064640625 0.06690625
1 0.42992187499999995 0.3820625 0.103484375 0.10162500000000001
1 0.3041875 0.6184999999999999 0.04346875 0.048984375000000004
1 0.41303124999999996 0.5725156250000001 0.097859375 0.107171875
1 0.48293749999999996 0.447984375 0.040609374999999996 0.04109375
1 0.17610937499999998 0.644984375 0.20582812499999997 0.20987499999999998
1 0.17471874999999998 0.49371875000000004 0.062281249999999996 0.062171875
1 0.478703125 0.734875 0.10721875 0.11284374999999999
1 0.48996874999999995 0.8432499999999999 0.0546875 0.057437499999999996
1 0.557765625 0.7473124999999999 0.0541875 0.05795312500000001
1 0.255625 0.854484375 0.21940624999999997 0.2206875
1 0.778234375 0.87325 0.223015625 0.220671875