1 0.137171875 0.43025 0.26115625 0.26065625
1 0.19984375000000001 0.22954687499999998 0.109421875 0.097765625
1 0.19173437499999998 0.14203125 0.054625 0.059750000000000004
1 0.21076562499999998 0.068453125 0.075421875 0.075
1 0.5740624999999999 0.167125 0.23362500000000003 0.2368125
1 0.286109375 0.62559375 0.190578125 0.18853124999999998
1 0.307421875 0.46907812499999996 0.091125 0.099796875
1 0.297015625 0.3643125 0.075390625 0.07803125
1 0.2906875 0.27115625 0.06778125 0.06932812499999999
1 0.3645 0.17196875 0.078421875 0.079015625
1 0.7230000000000001 0.102703125 0.049390625 0.057234375000000004
1 0.7536875000000001 0.29321875 0.13615625 0.138828125
1 0.812296875 0.1706875 0.055453125000000006 0.061250000000000006
1 0.944484375 0.246546875 0.050859375 0.055640625
1 0.373640625 0.365578125 0.076390625 0.075484375
1 0.439859375 0.28332812500000004 0.11239062500000001 0.11396875
1 0.46293749999999995 0.43634375 0.157546875 0.15106250000000002
1 0.684921875 0.493421875 0.206703125 0.21140625000000002
1 0.9100468749999999 0.451828125 0.17990625 0.187078125
1 0.1209375 0.682421875 0.159671875 0.15603125
1 0.506828125 0.781171875 0.175296875 0.175875
1 0.4368125 0.675890625 0.06571875 0.061765625000000005
1 0.53728125 0.612984375 0.053500000000000006 0.057734375000000004
1 0.12628124999999998 0.898375 0.0840625 0.085515625
1 0.364 0.9338906250000001 0.09567187499999999 0.09565625
1 0.3688125 0.83165625 0.08196875 0.08909375
1 0.530171875 0.88925 0.06975 0.06725
1 0.622015625 0.8339375 0.070734375 0.07843750000000001
1 0.752921875 0.763140625 0.24118750000000003 0.24640625
1 0.8856249999999999 0.80375 0.04478125 0.053593749999999996
1 0.9515781249999999 0.725109375 0.0650625 0.06884375000000001