1 0.20460937499999998 0.10501562499999999 0.119109375 0.11875
1 0.288203125 0.030703124999999998 0.069390625 0.061406249999999996
1 0.379234375 0.05103124999999999 0.10234375 0.10206249999999999
1 0.5425625000000001 0.144078125 0.2075625 0.2104375
1 0.6541718750000001 0.097796875 0.05121875 0.050078124999999994
1 0.788796875 0.12353125000000001 0.10357812500000001 0.101578125
1 0.7910625 0.022125 0.04484375 0.044234375
1 0.7289375 0.23896875 0.07875 0.08390625
1 0.77909375 0.20328125 0.048921875 0.0486875
1 0.08442187500000001 0.153078125 0.13179687499999998 0.1380625
1 0.9351875 0.258125 0.10896874999999999 0.108640625
1 0.260625 0.322984375 0.24921875 0.25193750000000004
1 0.1219375 0.447921875 0.076671875 0.08156250000000001
1 0.613046875 0.32840625 0.176828125 0.172421875
1 0.487890625 0.3998125 0.0530625 0.054921874999999995
1 0.717859375 0.5182187500000001 0.11534375 0.11821875
1 0.69415625 0.41584374999999996 0.054359375 0.0535625
1 0.9227343749999999 0.4090625 0.154546875 0.15746875
1 0.579390625 0.467796875 0.132109375 0.13034375
1 0.88884375 0.609234375 0.222328125 0.2234375
1 0.152875 0.5923125 0.110546875 0.11276562500000001
1 0.2190625 0.53403125 0.066703125 0.068515625
1 0.0609375 0.63409375 0.093859375 0.092421875
1 0.40859375 0.59953125 0.215296875 0.217578125
1 0.543453125 0.7533593749999999 0.20034375 0.20440624999999998
1 0.70634375 0.688984375 0.087796875 0.089234375
1 0.1124375 0.756296875 0.14264062500000002 0.14251562499999998
1 0.341046875 0.804640625 0.147984375 0.13978125
1 0.75084375 0.781828125 0.099984375 0.09867187499999999
1 0.80078125 0.8335625 0.0615625 0.0620625
1 0.8475468749999999 0.745921875 0.04934375 0.049453125
1 0.9270468749999999 0.8577187500000001 0.145109375 0.151046875
1 0.65596875 0.92053125 0.058437499999999996 0.059765625
1 0.439546875 0.9557656250000001 0.08290625 0.085046875
1 0.286171875 0.97090625 0.060812500000000005 0.056578125