1 0.0876875 0.095 0.143765625 0.142953125
1 0.36165625 0.089609375 0.086234375 0.085890625
1 0.62771875 0.111578125 0.147859375 0.15296875000000001
1 0.801609375 0.2548125 0.15628124999999998 0.157921875
1 0.913640625 0.331203125 0.11421875 0.117875
1 0.631953125 0.36146875 0.133203125 0.135984375
1 0.31384375000000003 0.31809375 0.14485937499999998 0.145640625
1 0.1673125 0.44415625 0.229734375 0.23581249999999998
1 0.048375 0.554453125 0.0496875 0.047609374999999995
1 0.29784375 0.570484375 0.10900000000000001 0.114375
1 0.353953125 0.49815624999999997 0.047671875 0.050703125
1 0.5326562499999999 0.5423281249999999 0.2408125 0.24317187499999998
1 0.65509375 0.482203125 0.0468125 0.04578125
1 0.8016249999999999 0.563359375 0.09459375 0.096265625
1 0.8872187500000001 0.5115000000000001 0.07296875 0.07353125
1 0.82146875 0.7191562499999999 0.16899999999999998 0.168765625
1 0.5852968749999999 0.8251875 0.147859375 0.1494375
1 0.191625 0.7499687500000001 0.0485 0.04528125
1 0.39115625 0.798203125 0.1028125 0.10318750000000002
1 0.41140625000000003 0.712609375 0.09315625 0.09396875
1 0.13378125000000002 0.898265625 0.09323437500000001 0.0911875
1 0.893390625 0.913875 0.123875 0.126265625