1 0.184890625 0.222125 0.05759375 0.059859375000000006
1 0.277578125 0.2421875 0.139203125 0.136984375
1 0.23743750000000002 0.14251562499999998 0.058921875 0.05853125
1 0.276234375 0.049812499999999996 0.07334375 0.076171875
1 0.8315312499999999 0.02703125 0.05425 0.053171875
1 0.10346875 0.15626562500000002 0.115796875 0.11762500000000001
1 0.48012499999999997 0.153546875 0.20140625 0.20242187500000003
1 0.514859375 0.470921875 0.171625 0.16493750000000001
1 0.578234375 0.32315625 0.041234375000000004 0.045375
1 0.622453125 0.242421875 0.0484375 0.0463125
1 0.6686875 0.159640625 0.06421875 0.06575
1 0.035125 0.328125 0.05582812499999999 0.055296875
1 0.4056875 0.34321875 0.16984375000000002 0.17121875
1 0.81528125 0.222109375 0.20401562499999998 0.20418750000000002
1 0.617484375 0.37909375 0.0565625 0.057984375
1 0.931890625 0.31660937499999997 0.10789062499999999 0.108984375
1 0.7555 0.51059375 0.251390625 0.253328125
1 0.832203125 0.35928125 0.088984375 0.0905625
1 0.269234375 0.457609375 0.18115625 0.1789375
1 0.11790624999999999 0.477234375 0.11760937499999999 0.114421875
1 0.602375 0.5329531249999999 0.048890625 0.049890625
1 0.8973906250000001 0.48559374999999994 0.05242187499999999 0.045406249999999995
1 0.9612187499999999 0.623609375 0.058265625 0.059781249999999994
1 0.09625 0.675921875 0.10137499999999999 0.10124999999999999
1 0.07346875 0.595421875 0.06934375000000001 0.071078125
1 0.189171875 0.60690625 0.14284375 0.134671875
1 0.36307812500000003 0.5855 0.062046875 0.060250000000000005
1 0.32540625 0.9262499999999999 0.14460937499999998 0.14175
1 0.34503125 0.792296875 0.08009374999999999 0.081359375
1 0.399828125 0.742015625 0.058875 0.05746875
1 0.45757812500000006 0.6459374999999999 0.053453125000000004 0.045796875
1 0.465921875 0.593609375 0.06021875 0.058437499999999996
1 0.718296875 0.712 0.136375 0.137328125
1 0.9352812500000001 0.7519375 0.084890625 0.08634375
1 0.169328125 0.781015625 0.148265625 0.14903125
1 0.298109375 0.724875 0.0765 0.077328125
1 0.5310937499999999 0.74515625 0.095828125 0.099875
1 0.097375 0.927609375 0.099109375 0.09934375
1 0.16414062499999998 0.96325 0.07021875 0.071359375
1 0.2051875 0.9075468750000001 0.044046875 0.045671875
1 0.48621875000000003 0.8885937500000001 0.082765625 0.07996875
1 0.5917656250000001 0.855671875 0.095359375 0.0953125
1 0.69596875 0.8534218750000001 0.060140625 0.06375
1 0.9436249999999999 0.9039375 0.093453125 0.101609375
1 0.803109375 0.9740781249999999 0.044328125 0.038890625