1 0.08171874999999999 0.139421875 0.101828125 0.1044375
1 0.19990625 0.20945312500000002 0.169015625 0.170765625
1 0.328078125 0.301828125 0.16075 0.155984375
1 0.48010937499999995 0.209671875 0.07871875 0.080125
1 0.63603125 0.12228125000000001 0.07390624999999999 0.074515625
1 0.8025781249999999 0.170625 0.24215625 0.24495312500000002
1 0.956796875 0.272125 0.08642187500000001 0.09223437500000001
1 0.691765625 0.29859375 0.05090625 0.04971875
1 0.5720468750000001 0.30074999999999996 0.1671875 0.166828125
1 0.129421875 0.32678124999999997 0.08446875000000001 0.080078125
1 0.594375 0.6310625 0.224859375 0.224453125
1 0.614125 0.455640625 0.069140625 0.06882812499999999
1 0.810609375 0.44760937500000003 0.106390625 0.109171875
1 0.1873125 0.5516875 0.24796875 0.24792187499999999
1 0.371671875 0.6993750000000001 0.139484375 0.139859375
1 0.870890625 0.645578125 0.226953125 0.22315625
1 0.12746875 0.791796875 0.154296875 0.1511875
1 0.11359375000000001 0.945953125 0.10918749999999999 0.108109375
1 0.320046875 0.9264687500000001 0.12128125000000001 0.121203125
1 0.38359375 0.8377812499999999 0.115625 0.11299999999999999
1 0.602421875 0.8442812500000001 0.08909375 0.09131249999999999
1 0.6815781249999999 0.899578125 0.08690624999999999 0.08478125
1 0.760734375 0.9414374999999999 0.04134375 0.042703124999999995
1 0.821453125 0.9698125 0.060406249999999995 0.060390624999999996
1 0.8888906249999999 0.8865624999999999 0.13715625 0.136828125