1 0.399640625 0.15692187500000002 0.26484375 0.265265625
1 0.09625 0.1504375 0.078859375 0.07876562499999999
1 0.136140625 0.40700000000000003 0.23671875 0.23185937499999998
1 0.23135937499999998 0.27578125 0.058437499999999996 0.0605
1 0.678546875 0.15584375 0.163265625 0.16334375
1 0.87784375 0.06846875 0.089046875 0.08834375
1 0.9333750000000001 0.18556250000000002 0.061265625000000004 0.062281249999999996
1 0.62259375 0.294046875 0.068734375 0.071
1 0.790453125 0.32353125 0.126796875 0.12996875000000002
1 0.045078125000000004 0.545859375 0.08060937500000001 0.08442187500000001
1 0.149171875 0.670984375 0.080578125 0.078734375
1 0.55384375 0.5085468750000001 0.1698125 0.17465625
1 0.692203125 0.5859687499999999 0.16021875000000002 0.1603125
1 0.80584375 0.8065468750000001 0.24867187500000001 0.25007812500000004
1 0.8288437500000001 0.632375 0.07778125 0.07960937500000001
1 0.956796875 0.670984375 0.056046874999999996 0.061390625
1 0.232015625 0.789640625 0.124796875 0.129515625
1 0.357796875 0.861203125 0.142109375 0.14250000000000002
1 0.51784375 0.742359375 0.236609375 0.23450000000000001