1 0.217234375 0.045859375 0.083265625 0.086703125
1 0.324640625 0.067953125 0.085328125 0.08920312500000001
1 0.45078125 0.075453125 0.1499375 0.15090625
1 0.701859375 0.133625 0.193234375 0.1996875
1 0.037078125 0.172421875 0.039953125 0.043703124999999995
1 0.112984375 0.128421875 0.083296875 0.08499999999999999
1 0.250390625 0.17721875 0.12871875 0.132515625
1 0.35278125 0.211203125 0.08740624999999999 0.087890625
1 0.44517187500000005 0.242484375 0.042749999999999996 0.041999999999999996
1 0.857421875 0.166578125 0.07725 0.08206250000000001
1 0.9022656250000001 0.257296875 0.047625 0.050749999999999997
1 0.950015625 0.364890625 0.063875 0.06071875
1 0.94709375 0.2916875 0.07471875 0.073671875
1 0.07878125 0.303578125 0.106671875 0.10995312500000001
1 0.335671875 0.40990624999999997 0.21168749999999997 0.21415625
1 0.488953125 0.413875 0.075265625 0.076125
1 0.767125 0.3444375 0.187796875 0.191671875
1 0.181375 0.49712500000000004 0.119984375 0.12162500000000001
1 0.069609375 0.508390625 0.071640625 0.069078125
1 0.26228125 0.60075 0.058234375000000005 0.05778124999999999
1 0.3369375 0.59075 0.042359375 0.046109375
1 0.4243125 0.53715625 0.109484375 0.1099375
1 0.7654687499999999 0.494203125 0.082703125 0.0824375
1 0.853875 0.585734375 0.08434375 0.081140625
1 0.88453125 0.499203125 0.108109375 0.107453125
1 0.9512656249999999 0.587625 0.05803125 0.060703125000000004
1 0.6530625 0.6258125 0.22078125 0.21632812499999998
1 0.48435937500000004 0.759671875 0.19621875 0.19207812500000002
1 0.30398437500000003 0.776984375 0.131625 0.139109375
1 0.219328125 0.925453125 0.11246875 0.11903125
1 0.1980625 0.8270312499999999 0.06159375 0.06403125
1 0.14175 0.63228125 0.1491875 0.150015625
1 0.7988125 0.760296875 0.18278125 0.180828125
1 0.633875 0.8047187499999999 0.09065625000000001 0.09031249999999999
1 0.391359375 0.8558125000000001 0.068625 0.071515625
1 0.084203125 0.862265625 0.15921875000000002 0.17203125
1 0.44078125 0.9467187499999999 0.08821875 0.084828125
1 0.516484375 0.889375 0.06859375 0.06775
1 0.5454687500000001 0.9488125000000001 0.064 0.065640625
1 0.6430625 0.9327500000000001 0.07564062499999999 0.07940625
1 0.7404375 0.92775 0.10773437500000001 0.111109375
1 0.8161406250000001 0.923578125 0.0380625 0.044390625
1 0.921640625 0.9294062500000001 0.12393749999999999 0.131125