1 0.12507812499999998 0.077171875 0.129046875 0.12946875
1 0.32218749999999996 0.11125 0.150234375 0.14950000000000002
1 0.398984375 0.21170312500000002 0.08325 0.0816875
1 0.799390625 0.07075000000000001 0.142078125 0.14068750000000002
1 0.8856093749999999 0.120484375 0.069078125 0.071703125
1 0.555765625 0.2435625 0.172234375 0.17350000000000002
1 0.8715781249999999 0.317953125 0.1420625 0.141796875
1 0.949171875 0.383734375 0.04459375 0.04553125
1 0.683109375 0.37429687500000003 0.053890625000000004 0.05795312500000001
1 0.5718125 0.368890625 0.096828125 0.099265625
1 0.258609375 0.284671875 0.195578125 0.19553125
1 0.054906250000000004 0.2935 0.060890625 0.06079687499999999
1 0.139515625 0.375296875 0.101765625 0.104078125
1 0.35085937500000003 0.44470312500000003 0.16346875 0.162671875
1 0.249796875 0.49784375000000003 0.0816875 0.080453125
1 0.089796875 0.5646093750000001 0.08253125 0.081625
1 0.156765625 0.48721875 0.07209375 0.071234375
1 0.40881249999999997 0.6211562500000001 0.050765625 0.050328125
1 0.47196875 0.58546875 0.06879687500000001 0.067171875
1 0.52590625 0.494234375 0.052328125 0.0571875
1 0.592671875 0.579453125 0.077578125 0.082421875
1 0.7424375000000001 0.6628437500000001 0.24476562500000001 0.245984375
1 0.9255156250000001 0.6800937499999999 0.05503125 0.055906250000000005
1 0.311953125 0.622203125 0.07765625000000001 0.080484375
1 0.23075 0.68434375 0.11176562500000001 0.11654687500000001
1 0.677078125 0.895703125 0.20226562499999998 0.20234375
1 0.535734375 0.82875 0.06796875 0.068453125
1 0.415421875 0.7916562500000001 0.08725000000000001 0.086515625
1 0.1044375 0.933609375 0.09175 0.08965625
1 0.120078125 0.8413437500000001 0.06689062500000001 0.06715625
1 0.18484375 0.792015625 0.088125 0.08882812500000001
1 0.22834374999999998 0.91696875 0.114984375 0.11653125
1 0.288296875 0.8267031250000001 0.05440625 0.05632812499999999