1 0.964078125 0.15140625000000002 0.06401562499999999 0.069546875
1 0.67409375 0.07859374999999999 0.06990625 0.0716875
1 0.75853125 0.080703125 0.059328124999999995 0.056906250000000005
1 0.502328125 0.090734375 0.09053125 0.089625
1 0.300203125 0.1783125 0.18240625 0.182453125
1 0.463015625 0.292296875 0.13328125 0.1401875
1 0.709453125 0.38860937500000003 0.045609375 0.053078125
1 0.830015625 0.446953125 0.23925000000000002 0.238390625
1 0.84771875 0.3055 0.058234375000000005 0.06103125
1 0.105484375 0.527171875 0.06742187499999999 0.0610625
1 0.392828125 0.4488125 0.0668125 0.067953125
1 0.48385937500000004 0.4775625 0.12746875 0.130734375
1 0.6068125 0.574125 0.183375 0.18662499999999999
1 0.462484375 0.6321718749999999 0.079453125 0.08106250000000001
1 0.2521875 0.7269375 0.25525000000000003 0.254734375
1 0.620796875 0.914265625 0.125859375 0.133296875
1 0.77540625 0.807421875 0.114203125 0.11487499999999999
1 0.88703125 0.848046875 0.08935937499999999 0.090578125