1 0.187109375 0.079578125 0.078375 0.080203125
1 0.347375 0.13009375 0.22970312499999998 0.22893750000000002
1 0.60284375 0.08153125 0.1073125 0.10578125000000001
1 0.7301562500000001 0.05290625 0.088625 0.091921875
1 0.9118906250000001 0.074328125 0.14842187499999998 0.147796875
1 0.224203125 0.26560937500000004 0.078796875 0.0791875
1 0.11576562500000001 0.30657812500000003 0.13087500000000002 0.13078125000000002
1 0.6815781249999999 0.182328125 0.10425 0.1121875
1 0.759 0.158703125 0.063890625 0.069265625
1 0.83078125 0.165640625 0.072984375 0.083140625
1 0.9238125 0.20640624999999999 0.08987500000000001 0.08659375
1 0.60609375 0.318078125 0.170203125 0.16678125
1 0.8413906250000001 0.36903125000000003 0.19398437500000001 0.1949375
1 0.248484375 0.41593749999999996 0.0753125 0.08051562500000001
1 0.346078125 0.422859375 0.114328125 0.12042187499999998
1 0.8348906250000001 0.560359375 0.10290625 0.10040625
1 0.9045156249999999 0.481421875 0.055609375 0.05532812499999999
1 0.530421875 0.560359375 0.09259375 0.091734375
1 0.135921875 0.524140625 0.11482812499999999 0.11907812499999999
1 0.294015625 0.6230156250000001 0.209765625 0.221390625
1 0.46448437499999995 0.697875 0.13425 0.13253125
1 0.190578125 0.7809375000000001 0.10265625 0.1034375
1 0.413296875 0.87221875 0.24876562500000002 0.24695312500000002
1 0.3183125 0.98065625 0.05014062500000001 0.038703125
1 0.7078125 0.69396875 0.178421875 0.17678125
1 0.59959375 0.800453125 0.087796875 0.090421875
1 0.911671875 0.786359375 0.14365624999999999 0.144640625
1 0.680265625 0.9184218749999999 0.14503125 0.152828125