1 0.675078125 0.1908125 0.2170625 0.22459375
1 0.52653125 0.154828125 0.08046875 0.081484375
1 0.3643125 0.2355 0.085734375 0.088390625
1 0.10774999999999998 0.199453125 0.10618749999999999 0.10306249999999999
1 0.034453125 0.34582812500000004 0.063703125 0.07046875
1 0.22767187500000002 0.284234375 0.1595 0.164171875
1 0.458203125 0.30353125 0.15640625 0.1550625
1 0.8010781250000001 0.460625 0.23914062500000002 0.24365625
1 0.532375 0.564078125 0.165921875 0.168578125
1 0.48098437499999996 0.44718749999999996 0.102171875 0.10400000000000001
1 0.34435937499999997 0.50878125 0.132578125 0.13173437500000001
1 0.27018749999999997 0.8485781250000001 0.18378125 0.191
1 0.34435937499999997 0.721515625 0.08920312500000001 0.093046875
1 0.69959375 0.768828125 0.09690625 0.09225
1 0.8132343750000001 0.766453125 0.081265625 0.083140625
1 0.9132031250000001 0.715265625 0.120703125 0.128265625
1 0.926859375 0.897640625 0.1003125 0.1