1 0.653609375 0.1731875 0.09917187499999999 0.096921875
1 0.49279687499999997 0.344609375 0.098421875 0.098859375
1 0.538109375 0.28346875 0.049484375000000004 0.052765625000000003
1 0.15734375 0.37609375 0.16148437499999999 0.1658125
1 0.78271875 0.53275 0.26115625 0.25853125
1 0.8252499999999999 0.34767187499999996 0.04940625 0.052828125000000004
1 0.52528125 0.570453125 0.14734375 0.14945312500000002
1 0.202859375 0.6536562499999999 0.23084375000000001 0.22200000000000003
1 0.25940625 0.8503437500000001 0.185109375 0.18782812499999998
1 0.14271875 0.92775 0.056015625 0.053859375
1 0.498609375 0.8258749999999999 0.17821875 0.17901562499999998
1 0.808984375 0.8425156250000001 0.2214375 0.224328125