1 0.40774999999999995 0.034703125 0.066578125 0.068515625
1 0.12468749999999999 0.1143125 0.059 0.060812500000000005
1 0.222125 0.213328125 0.055359375 0.0558125
1 0.249640625 0.158296875 0.05625 0.054031249999999996
1 0.33128125 0.413578125 0.24659375 0.24878125
1 0.266109375 0.2744375 0.066625 0.06525
1 0.40684375 0.19143749999999998 0.149578125 0.151890625
1 0.656734375 0.19820312499999998 0.25415625 0.255625
1 0.59675 0.05996875 0.063828125 0.06489062500000001
1 0.811921875 0.07890625 0.12059375000000001 0.12081249999999999
1 0.82928125 0.394625 0.259078125 0.26501562500000003
1 0.87146875 0.20835937499999999 0.086296875 0.091
1 0.41271874999999997 0.30015625 0.05304687500000001 0.053515625
1 0.12062500000000001 0.33871875 0.14109375 0.14415625
1 0.532921875 0.354734375 0.0814375 0.081453125
1 0.61028125 0.499328125 0.15403125 0.14959375
1 0.191 0.553453125 0.16453125 0.167625
1 0.32721875 0.6125468749999999 0.112171875 0.114375
1 0.06740625 0.673453125 0.06171875 0.064734375
1 0.211515625 0.8552031250000001 0.246171875 0.24778125
1 0.585921875 0.805640625 0.255078125 0.256921875
1 0.63375 0.604890625 0.05298437499999999 0.053937500000000006
1 0.8895 0.5958593750000001 0.0953125 0.099046875
1 0.7586875 0.7023125 0.140453125 0.1405
1 0.806953125 0.9229218749999999 0.110671875 0.11253125
1 0.8606406249999999 0.8196406250000001 0.10974999999999999 0.11346875000000001
1 0.9680781250000001 0.967171875 0.063859375 0.06565625