1 0.142625 0.21865625 0.097515625 0.10137499999999999
1 0.12176562500000002 0.09325 0.066796875 0.06465625
1 0.232078125 0.10504687500000001 0.11176562500000001 0.11568750000000001
1 0.33854687499999997 0.2106875 0.10515624999999999 0.11070312499999999
1 0.1898125 0.37640625 0.19190625 0.191859375
1 0.305890625 0.37834375 0.0563125 0.058499999999999996
1 0.05015625 0.27160937500000004 0.07175000000000001 0.070078125
1 0.54490625 0.096 0.067765625 0.070140625
1 0.6338125 0.266390625 0.10287500000000001 0.10903125
1 0.410453125 0.35173437500000004 0.062328125 0.065640625
1 0.502921875 0.279015625 0.164921875 0.167203125
1 0.6091249999999999 0.172828125 0.044703124999999996 0.04815625
1 0.659328125 0.137984375 0.09353125 0.09373437500000001
1 0.8053125 0.22742187500000002 0.12203125 0.1189375
1 0.8110781250000001 0.10504687500000001 0.139046875 0.13764062500000002
1 0.8226093750000001 0.342671875 0.09623437500000001 0.0969375
1 0.896421875 0.424984375 0.11760937499999999 0.11884375
1 0.6837500000000001 0.5098281250000001 0.23567187500000003 0.239109375
1 0.792703125 0.6045 0.072640625 0.0716875
1 0.49167187500000004 0.496671875 0.09303125 0.092046875
1 0.049328125 0.5650000000000001 0.053640625 0.058546875
1 0.165671875 0.6327499999999999 0.1985 0.19954687499999998
1 0.16895312499999998 0.8709843749999999 0.16117187500000002 0.17103125
1 0.273796875 0.746359375 0.05248437500000001 0.053515625
1 0.316046875 0.700265625 0.082109375 0.082078125
1 0.41017187499999996 0.631671875 0.062875 0.065640625
1 0.46148437500000006 0.629203125 0.054625 0.055218750000000004
1 0.7035 0.7304375000000001 0.187359375 0.186328125
1 0.8994375 0.7394999999999999 0.07425000000000001 0.07821875
1 0.956515625 0.783125 0.045703125 0.05021875
1 0.96584375 0.7219375 0.06215625 0.0650625
1 0.476859375 0.7831875 0.08975 0.083265625
1 0.494421875 0.9401406250000001 0.0765625 0.078796875
1 0.5896250000000001 0.8742812499999999 0.11001562499999999 0.11174999999999999
1 0.572625 0.7419687500000001 0.05184375 0.05571875
1 0.286140625 0.9028281249999999 0.093640625 0.091984375
1 0.331140625 0.794109375 0.05192187499999999 0.050203125
1 0.04 0.91709375 0.06792187499999999 0.065640625
1 0.085828125 0.940421875 0.044296875 0.05190625
1 0.20299999999999999 0.971703125 0.049203125 0.048609374999999996
1 0.7630625 0.9201874999999999 0.15826562500000002 0.159640625
1 0.890390625 0.937109375 0.10553125000000001 0.1111875