1 0.09996875 0.11751562499999998 0.07698437500000001 0.077921875
1 0.657390625 0.122390625 0.201234375 0.195
1 0.8835312500000001 0.072140625 0.12164062499999999 0.123796875
1 0.9518437499999999 0.17484375000000002 0.043546875 0.041296875
1 0.689828125 0.29290625000000003 0.144140625 0.14078125
1 0.189734375 0.4693125 0.21746875000000002 0.21545312499999997
1 0.708375 0.438578125 0.10314062500000001 0.105203125
1 0.06118749999999999 0.8217968750000001 0.082359375 0.086015625
1 0.32414062499999996 0.7600625 0.24718749999999998 0.250453125
1 0.758875 0.6151875 0.14070312499999998 0.146109375
1 0.758875 0.7976875 0.179734375 0.1793125
1 0.526390625 0.9238125 0.1393125 0.13387500000000002