1 0.459296875 0.11173437500000001 0.084078125 0.0803125
1 0.47768750000000004 0.042125 0.06692187499999999 0.058765625
1 0.3205625 0.1394375 0.130203125 0.13078125000000002
1 0.02715625 0.19184375 0.048421874999999996 0.04928125
1 0.040140625 0.12198437499999999 0.07734375 0.081171875
1 0.134265625 0.22393749999999998 0.1400625 0.13799999999999998
1 0.12275 0.10893749999999999 0.092515625 0.093328125
1 0.1985 0.10973437500000001 0.072390625 0.072359375
1 0.73384375 0.13178125000000002 0.07420312500000001 0.081171875
1 0.77134375 0.0550625 0.11487499999999999 0.10915625
1 0.86546875 0.176390625 0.185453125 0.189984375
1 0.8463593749999999 0.039875 0.04328125 0.039546874999999995
1 0.6534375 0.21731250000000002 0.17815625 0.1786875
1 0.5090625 0.33992187500000004 0.13946875 0.13953125
1 0.46126562499999996 0.24679687499999997 0.05859375 0.061125
1 0.513234375 0.24900000000000003 0.054656249999999997 0.050828125
1 0.304140625 0.44751562500000003 0.18070312500000002 0.183109375
1 0.293359375 0.29090625000000003 0.090515625 0.0885625
1 0.134515625 0.37301562499999996 0.0964375 0.09293749999999999
1 0.6698593749999999 0.42251562500000006 0.23551562499999998 0.23115625
1 0.801734375 0.329140625 0.08742187500000001 0.088546875
1 0.727453125 0.8193906249999999 0.24775 0.2453125
1 0.717671875 0.6596093749999999 0.05165625 0.05321875
1 0.712515625 0.5554375 0.046265625 0.045906249999999996
1 0.8367812499999999 0.580921875 0.152609375 0.155703125
1 0.822578125 0.474984375 0.04575 0.041921875
1 0.85271875 0.4149375 0.10112499999999999 0.10321875
1 0.960578125 0.4245 0.0716875 0.07821875
1 0.9782968750000001 0.35365625 0.043390625 0.049312499999999995
1 0.48674999999999996 0.5470937499999999 0.207625 0.20571875
1 0.159015625 0.5534687500000001 0.14545312500000002 0.149828125
1 0.057796875000000004 0.746859375 0.11459375000000001 0.11984375
1 0.038421875 0.6189218750000001 0.069015625 0.06990625
1 0.05387499999999999 0.55984375 0.06753125 0.0665
1 0.5767187500000001 0.649796875 0.07278124999999999 0.074796875
1 0.629421875 0.5865625 0.08109374999999999 0.083640625
1 0.9512656249999999 0.55665625 0.060906249999999995 0.0630625
1 0.185734375 0.7069062500000001 0.174375 0.1723125
1 0.4019375 0.8218593750000001 0.181171875 0.18157812499999998
1 0.320078125 0.7172031249999999 0.050796875 0.055640625
1 0.578921875 0.7681875 0.058562499999999997 0.059546875
1 0.2578125 0.9181874999999999 0.112578125 0.114375
1 0.133296875 0.9520156249999999 0.06946875 0.064359375
1 0.896359375 0.6809375 0.051109375 0.051734375
1 0.91425 0.898578125 0.101609375 0.09478125
1 0.9044531250000001 0.792203125 0.05846875 0.058546875
1 0.634328125 0.95715625 0.061484375 0.059953124999999996