1 0.221203125 0.04334375 0.041140625 0.044140625
1 0.37465625 0.14945312500000002 0.264640625 0.26053125
1 0.736046875 0.30028125 0.06559374999999999 0.0658125
1 0.713328125 0.20223437500000002 0.040999999999999995 0.044906249999999995
1 0.9635624999999999 0.168875 0.057609375 0.061609375
1 0.220359375 0.332171875 0.13956249999999998 0.142109375
1 0.47246875 0.358234375 0.20579687500000002 0.206734375
1 0.64221875 0.3465625 0.08646875000000001 0.0833125
1 0.83196875 0.31820312500000003 0.10728125 0.11001562499999999
1 0.9527187500000001 0.32884375 0.077625 0.0770625
1 0.28312499999999996 0.5150781249999999 0.13579687499999998 0.145046875
1 0.08753125 0.7367343749999999 0.12834375 0.13368750000000001
1 0.231 0.766140625 0.08159374999999999 0.079875
1 0.474140625 0.6354062500000001 0.06734375000000001 0.0645
1 0.6071875 0.5951562499999999 0.099828125 0.09664062500000001
1 0.899953125 0.63228125 0.04303125 0.045734375
1 0.8065312499999999 0.65625 0.106453125 0.106203125
1 0.751484375 0.7809375000000001 0.113140625 0.11365624999999999
1 0.94415625 0.8190937500000001 0.10640625 0.11071875
1 0.5368906250000001 0.878953125 0.24707812499999998 0.242109375
1 0.3035625 0.9006718749999999 0.09325 0.0945
1 0.031640625 0.966984375 0.058296875000000005 0.060281249999999995