1 0.22839062499999999 0.109484375 0.21187499999999998 0.20865625
1 0.110421875 0.1181875 0.046296875 0.0430625
1 0.1214375 0.284703125 0.14809375 0.150875
1 0.487125 0.26896875 0.255421875 0.2555
1 0.4653125 0.088390625 0.06637499999999999 0.063234375
1 0.852578125 0.12285937499999999 0.151171875 0.155640625
1 0.798875 0.2425 0.054078125 0.057078125
1 0.840625 0.21434375 0.053125 0.047703125
1 0.8812031250000001 0.27532812500000003 0.06015625 0.0570625
1 0.69284375 0.270640625 0.10101562500000001 0.10396875000000001
1 0.9081718750000001 0.481546875 0.06999999999999999 0.0706875
1 0.5316875 0.45856250000000004 0.138125 0.137296875
1 0.288921875 0.450578125 0.094578125 0.093203125
1 0.399390625 0.58403125 0.220734375 0.22403125
1 0.10032812499999999 0.5723125 0.10589062499999999 0.106765625
1 0.18478125 0.6079687500000001 0.08709375 0.087984375
1 0.718171875 0.5458125 0.13103125 0.133515625
1 0.6815781249999999 0.6658906250000001 0.132921875 0.129703125
1 0.796046875 0.755265625 0.07096875 0.06915625
1 0.866421875 0.7555 0.080328125 0.0818125
1 0.9133281249999999 0.689359375 0.09907812499999999 0.092171875
1 0.910515625 0.8964531250000001 0.130984375 0.12632812499999999
1 0.53334375 0.7400156250000001 0.11795312499999999 0.11842187500000001
1 0.570171875 0.96759375 0.046171875 0.0480625
1 0.59175 0.8843125000000001 0.10809375000000002 0.107671875
1 0.57978125 0.80734375 0.0419375 0.051312500000000004
1 0.6520312500000001 0.8246874999999999 0.079453125 0.076625
1 0.358359375 0.868125 0.096421875 0.093125
1 0.167875 0.792828125 0.22596875 0.228734375
1 0.24670312499999997 0.9356875 0.10771875 0.10623437499999999
1 0.09165625 0.953515625 0.061312500000000006 0.057437499999999996