1 0.339171875 0.28523437500000004 0.07740625 0.077796875
1 0.3459375 0.2015625 0.107171875 0.104453125
1 0.361046875 0.11860937499999999 0.04446875 0.04684375
1 0.427140625 0.14878125 0.062046875 0.062078125
1 0.444046875 0.055921874999999996 0.075125 0.07484375
1 0.583203125 0.266046875 0.204546875 0.20635937499999998
1 0.49096875000000006 0.14156249999999998 0.05165625 0.05665625
1 0.539234375 0.0523125 0.085015625 0.08565625
1 0.606671875 0.127140625 0.08003125 0.076515625
1 0.621328125 0.04328125 0.07778125 0.07664062499999999
1 0.16346875 0.28521874999999997 0.1906875 0.195078125
1 0.10482812500000001 0.1266875 0.073421875 0.072
1 0.173171875 0.134359375 0.070234375 0.06929687500000001
1 0.7690625 0.11653125 0.05292187499999999 0.05621875
1 0.809421875 0.417203125 0.21034375 0.21090625
1 0.74334375 0.260640625 0.06465625 0.069234375
1 0.9165625000000001 0.29965625 0.06821875 0.068765625
1 0.41832812500000005 0.550265625 0.20414062500000002 0.20632812500000003
1 0.24489062499999997 0.461921875 0.07834375 0.074765625
1 0.61409375 0.70253125 0.20768749999999997 0.208625
1 0.8800156250000001 0.694421875 0.238734375 0.23748437500000003
1 0.22189062499999998 0.6655625 0.11353125 0.116625
1 0.0854375 0.7496875000000001 0.12484375 0.126953125
1 0.303078125 0.8245625000000001 0.09546875 0.09625
1 0.1384375 0.8660625 0.10001562500000001 0.098046875
1 0.41134375 0.95609375 0.0954375 0.08771875
1 0.744921875 0.927671875 0.1174375 0.11570312499999999
1 0.57734375 0.883703125 0.07553125000000001 0.0791875
1 0.6418437499999999 0.852125 0.09085937499999999 0.097234375
1 0.8346875 0.874234375 0.07140625 0.069265625
1 0.45215625 0.7952343749999999 0.16895312499999998 0.17295312499999999