1 0.79090625 0.050234375 0.087703125 0.087125
1 0.50646875 0.12050000000000001 0.1345 0.13171875
1 0.281875 0.156515625 0.24175 0.24129687500000002
1 0.14509375 0.336296875 0.20175 0.2004375
1 0.07128124999999999 0.175296875 0.0708125 0.07029687500000001
1 0.11590625000000002 0.08084375 0.059953124999999996 0.060750000000000005
1 0.376765625 0.26501562500000003 0.06029687500000001 0.057843750000000006
1 0.45642187500000003 0.20224999999999999 0.069453125 0.06996875
1 0.688296875 0.15740625 0.157796875 0.159640625
1 0.6130312499999999 0.238734375 0.061484375 0.0636875
1 0.903296875 0.2339375 0.133125 0.13334375
1 0.6958125 0.292328125 0.08106250000000001 0.083265625
1 0.36112500000000003 0.45703125 0.25006249999999997 0.24584375
1 0.462265625 0.32401562500000003 0.08946875 0.088265625
1 0.536296875 0.38865625000000004 0.049828125 0.050703125
1 0.801953125 0.424984375 0.088953125 0.08996875
1 0.8832812499999999 0.349703125 0.06640625 0.07040625
1 0.545671875 0.49400000000000005 0.06442187499999999 0.06534375
1 0.613859375 0.44895312499999995 0.1131875 0.1170625
1 0.1628125 0.4841875 0.10790625000000001 0.108296875
1 0.065015625 0.56571875 0.074984375 0.08365625
1 0.188671875 0.618265625 0.11790624999999999 0.122
1 0.3605 0.70375 0.236296875 0.2345625
1 0.909765625 0.51775 0.17525 0.181265625
1 0.726890625 0.527359375 0.14735937500000001 0.148734375
1 0.534625 0.6347343750000001 0.146578125 0.142421875
1 0.678515625 0.651890625 0.083984375 0.08496875000000001
1 0.765671875 0.70046875 0.09146875 0.09453125
1 0.907890625 0.749046875 0.10059375 0.10410937499999999
1 0.46935937499999997 0.8207812499999999 0.07028124999999999 0.072375
1 0.5531875 0.7342500000000001 0.05440625 0.05365625
1 0.1795 0.79575 0.1913125 0.1975
1 0.060843749999999995 0.878328125 0.074984375 0.07903125
1 0.035828125 0.792640625 0.0583125 0.061968749999999996
1 0.1609375 0.94859375 0.091640625 0.09025
1 0.343203125 0.9267031250000001 0.097421875 0.1006875
1 0.538171875 0.899390625 0.14115625 0.141984375
1 0.661 0.9723750000000001 0.048953125 0.046046875
1 0.67371875 0.782 0.07021875 0.078234375
1 0.771921875 0.8608125 0.145671875 0.1524375
1 0.908515625 0.93984375 0.07265625 0.07275000000000001
1 0.8866250000000001 0.88021875 0.061406249999999996 0.061921875
1 0.8705624999999999 0.826 0.0468125 0.050265625