1 0.149265625 0.071703125 0.130703125 0.12896875000000002
1 0.3044375 0.199796875 0.125234375 0.12350000000000001
1 0.31390625 0.095609375 0.090046875 0.086546875
1 0.452171875 0.1635 0.058890624999999995 0.055406250000000004
1 0.565171875 0.1431875 0.11434375000000001 0.11404687499999999
1 0.717859375 0.14003125 0.18060937500000002 0.17990625
1 0.682453125 0.29090625000000003 0.141375 0.143296875
1 0.8549843750000001 0.347515625 0.22928125000000002 0.2339375
1 0.431421875 0.272421875 0.046265625 0.043171875
1 0.443828125 0.432828125 0.070171875 0.07071875
1 0.54825 0.35812499999999997 0.076 0.07921875
1 0.2555 0.403234375 0.09503125 0.09725
1 0.3021875 0.328578125 0.084640625 0.0878125
1 0.32834375 0.445625 0.09184375 0.09181249999999999
1 0.081375 0.441109375 0.13478125000000002 0.136921875
1 0.5412656250000001 0.518296875 0.11164062500000001 0.11082812500000001
1 0.692828125 0.559796875 0.135046875 0.13065625
1 0.8114687500000001 0.510625 0.09260937500000001 0.0955
1 0.9021250000000001 0.65721875 0.12957812500000002 0.127
1 0.9558125000000001 0.5300312500000001 0.07453125000000001 0.07112500000000001
1 0.68740625 0.7129218749999999 0.151296875 0.1526875
1 0.738609375 0.8268125 0.095796875 0.096265625
1 0.90934375 0.910484375 0.09890625 0.09667187499999999
1 0.0209375 0.652046875 0.04096875 0.039953125
1 0.064234375 0.6229375 0.082453125 0.08371875
1 0.12896875000000002 0.703234375 0.10814062499999999 0.11074999999999999
1 0.192578125 0.65 0.0729375 0.07648437500000001
1 0.164609375 0.593171875 0.062125 0.05846875
1 0.2951875 0.64915625 0.057125 0.056734375000000004
1 0.08835937499999999 0.8710625000000001 0.15326562500000002 0.1576875
1 0.20903125 0.928125 0.101359375 0.10489062499999999
1 0.47696875 0.801109375 0.15 0.153109375
1 0.42759375000000005 0.714734375 0.06475 0.0570625
1 0.45329687500000004 0.632859375 0.09812499999999999 0.09634374999999999
1 0.5257031249999999 0.917984375 0.039921875 0.044
1 0.5602031249999999 0.91753125 0.041265625 0.04309375
1 0.59675 0.8546093750000001 0.06381250000000001 0.066125
1 0.43953125000000004 0.9247500000000001 0.120234375 0.12067187500000001