1 0.0763125 0.055359375 0.043328125 0.0414375
1 0.204875 0.305828125 0.088671875 0.088546875
1 0.228296875 0.228015625 0.045734375 0.045156249999999995
1 0.306359375 0.139515625 0.0945 0.0975
1 0.066796875 0.276296875 0.09359375 0.092953125
1 0.136328125 0.247765625 0.071609375 0.071984375
1 0.11584375 0.153171875 0.04625 0.05065625
1 0.52078125 0.091640625 0.108578125 0.109125
1 0.651296875 0.040421875 0.08171874999999999 0.075
1 0.68253125 0.132390625 0.046578125 0.049093750000000005
1 0.74328125 0.07775 0.0460625 0.047171875
1 0.8589062500000001 0.092140625 0.072390625 0.071078125
1 0.907453125 0.200921875 0.10603125 0.10321875
1 0.9323281250000001 0.08896875 0.087484375 0.089125
1 0.34367187499999996 0.304109375 0.174015625 0.17196875
1 0.583234375 0.34776562499999997 0.252984375 0.26025
1 0.681546875 0.216296875 0.06414062499999999 0.060765625000000004
1 0.7610781249999999 0.24312499999999998 0.102171875 0.104671875
1 0.780828125 0.44515625 0.16998437500000002 0.176890625
1 0.81815625 0.319046875 0.069953125 0.066203125
1 0.8901249999999999 0.3936875 0.066515625 0.06909375
1 0.114125 0.493453125 0.071140625 0.0685625
1 0.20634375 0.462234375 0.115015625 0.11346875000000001
1 0.03996875 0.42175 0.053593749999999996 0.052015624999999996
1 0.260984375 0.70475 0.17940625 0.178828125
1 0.3180625 0.5918125 0.088640625 0.084734375
1 0.134859375 0.6245 0.09796875000000001 0.101296875
1 0.214640625 0.561328125 0.076953125 0.077421875
1 0.2883125 0.504671875 0.0720625 0.075390625
1 0.6508125 0.516390625 0.051468749999999994 0.055874999999999994
1 0.493703125 0.64790625 0.11785937500000002 0.11885937499999999
1 0.48882812500000006 0.54034375 0.10225 0.10378125
1 0.21560937500000002 0.854578125 0.088671875 0.088140625
1 0.25025 0.80409375 0.04084375 0.040828125
1 0.088515625 0.877015625 0.12237499999999998 0.12325
1 0.075828125 0.7496875000000001 0.11651562499999998 0.112578125
1 0.386375 0.7540312499999999 0.10618749999999999 0.111484375
1 0.365875 0.9162343749999999 0.14521875 0.148015625
1 0.49615625 0.92696875 0.112984375 0.11678124999999999
1 0.517859375 0.845265625 0.053937500000000006 0.049984375
1 0.639109375 0.704015625 0.12562500000000001 0.123703125
1 0.71765625 0.63840625 0.073890625 0.0754375
1 0.73790625 0.55790625 0.084125 0.08034375
1 0.8281562499999999 0.594734375 0.1085 0.11009374999999999
1 0.743765625 0.7518281250000001 0.0763125 0.072953125
1 0.96478125 0.70596875 0.059671875 0.059312500000000004
1 0.856453125 0.764515625 0.126046875 0.12757812500000001
1 0.68253125 0.8872656250000001 0.095359375 0.094953125
1 0.859140625 0.898 0.097265625 0.096890625