1 0.11271875 0.081609375 0.12076562500000002 0.11721875
1 0.17203125 0.20790625000000001 0.1536875 0.15325
1 0.23384375 0.09334375 0.069765625 0.0685
1 0.3919375 0.07034375000000001 0.11978124999999999 0.12173437499999999
1 0.36848437500000003 0.309625 0.117984375 0.11756249999999999
1 0.739734375 0.037875 0.048421874999999996 0.047765625
1 0.57959375 0.06899999999999999 0.062 0.06489062500000001
1 0.526140625 0.19303125000000002 0.06787499999999999 0.069359375
1 0.8651406250000001 0.10575000000000001 0.079046875 0.07976562499999999
1 0.680640625 0.2514375 0.17384375000000002 0.181640625
1 0.7909375 0.22934375 0.06509374999999999 0.06528125
1 0.8621874999999999 0.474703125 0.22565624999999997 0.22214062499999998
1 0.9043749999999999 0.313015625 0.08896875 0.09276562499999999
1 0.5890625 0.6380312499999999 0.252359375 0.25103125
1 0.5996718750000001 0.455765625 0.079578125 0.076015625
1 0.69665625 0.424875 0.075046875 0.072859375
1 0.7746875 0.375265625 0.059687500000000004 0.058453124999999995
1 0.431640625 0.42915625 0.081890625 0.07871875
1 0.33014062499999997 0.415625 0.10446875 0.10398437499999999
1 0.18556250000000002 0.5218281250000001 0.243890625 0.248734375
1 0.352703125 0.6061875 0.12250000000000001 0.12871875
1 0.7440156250000001 0.683828125 0.070515625 0.076453125
1 0.92715625 0.648875 0.093921875 0.09226562499999999
1 0.2166875 0.779890625 0.2249375 0.22346875000000002
1 0.136625 0.9236093750000001 0.114453125 0.109375
1 0.24151562499999998 0.93421875 0.07065625 0.0719375
1 0.34503125 0.96646875 0.0620625 0.059750000000000004
1 0.44471875 0.832046875 0.144125 0.142796875
1 0.5843281250000001 0.8453593749999999 0.094015625 0.09271875
1 0.824984375 0.7776875000000001 0.17379687500000002 0.1739375
1 0.8899531250000001 0.8979062499999999 0.07814062499999999 0.076015625