1 0.568 0.16659375 0.13828125 0.139328125
1 0.6489375 0.036515625 0.08396875000000001 0.07303125
1 0.42465624999999996 0.081921875 0.142890625 0.14251562499999998
1 0.176015625 0.28309375000000003 0.153109375 0.154109375
1 0.241984375 0.17320312499999999 0.07190625 0.07134375
1 0.271171875 0.105765625 0.043984375 0.048140625
1 0.130359375 0.11281250000000001 0.173421875 0.17385937499999998
1 0.33940625 0.31353125 0.10434375 0.10334375
1 0.368078125 0.18487499999999998 0.06526562500000001 0.064234375
1 0.393203125 0.410953125 0.06982812499999999 0.074890625
1 0.421875 0.32825000000000004 0.06321875 0.061734374999999994
1 0.446984375 0.240671875 0.096203125 0.10479687499999998
1 0.70703125 0.21301562500000001 0.1341875 0.13574999999999998
1 0.87878125 0.294234375 0.23917187499999998 0.247453125
1 0.83109375 0.13234375 0.10521875 0.10635937499999999
1 0.89453125 0.12271875000000002 0.047359374999999995 0.0465
1 0.5383281249999999 0.28132812500000004 0.055578125 0.056171875
1 0.06490625 0.320640625 0.09326562499999999 0.087109375
1 0.209 0.443421875 0.188625 0.1905625
1 0.32571875 0.46296875000000004 0.0668125 0.06218749999999999
1 0.583984375 0.4614375 0.17734375 0.180921875
1 0.731140625 0.5180625 0.075828125 0.07596875
1 0.750671875 0.44215625000000003 0.089515625 0.091625
1 0.8633124999999999 0.48503125 0.121953125 0.12154687500000001
1 0.056281250000000005 0.45515625000000004 0.10646875 0.11253125
1 0.10193749999999999 0.7321718749999999 0.177484375 0.179390625
1 0.059312500000000004 0.5863125 0.112546875 0.11603125
1 0.32418749999999996 0.758046875 0.21598437499999998 0.220984375
1 0.12553125 0.857046875 0.0978125 0.10434375
1 0.15878125 0.9610625 0.05771875 0.058640625
1 0.16993750000000002 0.913625 0.04959375 0.050031250000000006
1 0.284859375 0.956234375 0.08153125 0.08451562500000001
1 0.370625 0.5875781250000001 0.060203125 0.06275
1 0.539328125 0.6048281249999999 0.10834375 0.107390625
1 0.528421875 0.82203125 0.132203125 0.13582812500000002
1 0.566234375 0.69209375 0.07890625 0.07893750000000001
1 0.6699843750000001 0.639328125 0.14129687500000002 0.1459375
1 0.8064843749999999 0.7185312500000001 0.0895 0.09121875
1 0.8366718750000001 0.953703125 0.073765625 0.06929687500000001
1 0.8270312499999999 0.872265625 0.08492187500000001 0.084046875
1 0.8549374999999999 0.790828125 0.110296875 0.10893749999999999
1 0.8133437499999999 0.6510625 0.047390625 0.047609374999999995
1 0.935359375 0.600515625 0.11381250000000001 0.113984375
1 0.451296875 0.9194531250000001 0.0693125 0.06678125
1 0.602 0.9209687499999999 0.09665625 0.100265625
1 0.6311718749999999 0.8326874999999999 0.089046875 0.09625
1 0.7222500000000001 0.8669375 0.11590625000000002 0.1190625
1 0.9559218749999999 0.9057656250000001 0.058499999999999996 0.059687500000000004