1 0.184640625 0.087234375 0.175421875 0.17346875
1 0.41804687500000004 0.21103125 0.262625 0.268796875
1 0.542375 0.29203125 0.062875 0.07468749999999999
1 0.63015625 0.15142187499999998 0.092078125 0.09784375
1 0.8069843750000001 0.2729375 0.15646875 0.15917187500000002
1 0.6413125 0.253421875 0.0738125 0.074453125
1 0.208484375 0.265328125 0.172375 0.17440625
1 0.10345312499999999 0.394203125 0.134859375 0.1378125
1 0.11564062500000001 0.591078125 0.10846875 0.105265625
1 0.17779687500000002 0.49821875000000004 0.10590625000000001 0.10428124999999999
1 0.2648125 0.406125 0.13278125000000002 0.13628125
1 0.329515625 0.535765625 0.094703125 0.09615625
1 0.565453125 0.455609375 0.0895625 0.0880625
1 0.742296875 0.59665625 0.10320312499999999 0.106265625
1 0.7945625 0.503296875 0.09609375 0.10225
1 0.644609375 0.6088281249999999 0.105765625 0.110328125
1 0.963015625 0.5981875 0.047328125 0.048421874999999996
1 0.41957812499999997 0.627140625 0.1378125 0.13478125000000002
1 0.24375 0.80903125 0.22767187500000002 0.23160937499999998
1 0.53703125 0.819421875 0.2600625 0.267625
1 0.12553125 0.9275156250000001 0.041984375000000004 0.047375
1 0.449515625 0.9473125 0.06575 0.06665625
1 0.767671875 0.8328906249999999 0.062609375 0.066203125
1 0.821203125 0.960796875 0.079328125 0.07840625