1 0.52896875 0.03584375 0.04353125 0.04953125
1 0.252171875 0.147703125 0.09690625 0.0938125
1 0.036078125 0.2403125 0.071109375 0.0731875
1 0.0666875 0.1424375 0.12176562500000002 0.12546875
1 0.202828125 0.310234375 0.15128124999999998 0.154953125
1 0.356671875 0.208390625 0.07365625 0.077953125
1 0.393078125 0.35165625 0.083140625 0.08475
1 0.65059375 0.15403125 0.15484375 0.15923437499999998
1 0.58040625 0.283578125 0.098921875 0.096390625
1 0.8170937500000001 0.231875 0.04978125 0.0563125
1 0.782515625 0.5289843750000001 0.249796875 0.25996874999999997
1 0.928703125 0.61053125 0.088265625 0.0905625
1 0.56140625 0.69759375 0.2086875 0.21189062500000003
1 0.54084375 0.571484375 0.051437500000000004 0.0546875
1 0.45720312500000004 0.760390625 0.047765625 0.052500000000000005
1 0.196765625 0.6279375 0.20773437499999997 0.20979687500000002
1 0.10098437499999999 0.8255625 0.11646875000000001 0.114203125
1 0.32420312500000004 0.830828125 0.14068750000000002 0.14585937499999999
1 0.26246875 0.927671875 0.0594375 0.059812500000000005
1 0.7666875 0.836890625 0.18646875000000002 0.184390625
1 0.970390625 0.8564375 0.05553125 0.065125