1 0.28712499999999996 0.03878125 0.07082812499999999 0.07146875
1 0.33381249999999996 0.019 0.042390625 0.037984375
1 0.177515625 0.1536875 0.17640625000000001 0.17846875
1 0.42893749999999997 0.068203125 0.12609375 0.12015625
1 0.4665 0.2300625 0.06925 0.06834375000000001
1 0.484765625 0.149125 0.075328125 0.073953125
1 0.56975 0.11715625 0.1184375 0.12165625
1 0.6719999999999999 0.053234375 0.10471875 0.105453125
1 0.83765625 0.173734375 0.187375 0.17896875
1 0.855421875 0.042328125 0.07065625 0.068421875
1 0.581921875 0.34090625 0.15090625 0.15301562500000002
1 0.7970625 0.376421875 0.25842187499999997 0.254484375
1 0.68290625 0.22625 0.050421875000000005 0.047531250000000004
1 0.344203125 0.269625 0.14945312500000002 0.14746874999999998
1 0.044578125 0.43782812499999996 0.072921875 0.0728125
1 0.118921875 0.334828125 0.084578125 0.086046875
1 0.34571874999999996 0.437875 0.17279687500000002 0.17440625
1 0.381 0.575375 0.0718125 0.073875
1 0.4495 0.52565625 0.091078125 0.09621874999999999
1 0.57609375 0.524640625 0.16664062500000001 0.165234375
1 0.53703125 0.629421875 0.06821875 0.065234375
1 0.871921875 0.543921875 0.068125 0.06171875
1 0.966046875 0.48709375 0.058453124999999995 0.059703125
1 0.7985781249999999 0.764171875 0.22087500000000002 0.21800000000000003
1 0.74328125 0.608859375 0.1305625 0.1306875
1 0.1980625 0.6131562500000001 0.23271875 0.23571875000000003
1 0.383265625 0.773796875 0.2174375 0.216984375
1 0.58421875 0.74059375 0.050953125 0.050062499999999996
1 0.646375 0.681734375 0.10928125 0.10895312500000001
1 0.9505625 0.74540625 0.09753125 0.089140625
1 0.8736875 0.9242968749999999 0.14778125 0.14751562499999998
1 0.66540625 0.8725625000000001 0.07121875 0.074484375
1 0.482984375 0.9507031250000001 0.0565625 0.058203125
1 0.55478125 0.973015625 0.04284375 0.04196875
1 0.264796875 0.94003125 0.0870625 0.087640625
1 0.064625 0.962875 0.06734375000000001 0.062265625000000005
1 0.16534374999999998 0.9050312500000001 0.08101562500000001 0.088671875
1 0.23840625000000001 0.8200468750000001 0.07490625 0.076015625