1 0.25 0.11179687499999999 0.20815625 0.21798437499999998
1 0.109265625 0.36329687499999996 0.208203125 0.21421874999999999
1 0.11114062499999999 0.20446875000000003 0.08059374999999999 0.07954687499999999
1 0.10809375000000002 0.141140625 0.0698125 0.065515625
1 0.13929687500000001 0.04215625 0.052437500000000005 0.055234375
1 0.38440625 0.379484375 0.162609375 0.166828125
1 0.37690625 0.25184375000000003 0.072546875 0.07109375
1 0.43765625 0.143484375 0.07675 0.079578125
1 0.662375 0.191140625 0.094515625 0.095140625
1 0.738375 0.124296875 0.07196875 0.07875
1 0.5671406250000001 0.35203125 0.185546875 0.191703125
1 0.735078125 0.319671875 0.164859375 0.164515625
1 0.8551718749999999 0.439984375 0.198609375 0.194015625
1 0.9121874999999999 0.298328125 0.129625 0.12653125
1 0.63796875 0.5725 0.242765625 0.238515625
1 0.889421875 0.7008125 0.20140625 0.19953125
1 0.5291406249999999 0.76915625 0.194 0.190796875
1 0.797015625 0.929328125 0.06351562499999999 0.065375
1 0.47635937500000003 0.899765625 0.11192187499999999 0.109484375
1 0.2605625 0.613578125 0.065078125 0.06259375
1 0.1256875 0.691890625 0.212890625 0.219234375
1 0.371984375 0.7636875 0.057999999999999996 0.06253125000000001
1 0.25046875 0.862703125 0.115265625 0.11981250000000002