1 0.173453125 0.06899999999999999 0.11664062500000001 0.1163125
1 0.33984375 0.13279687499999998 0.1324375 0.13546875
1 0.42034374999999996 0.23976562499999998 0.118234375 0.12
1 0.48207812499999997 0.161375 0.049828125 0.05496875
1 0.641390625 0.18743749999999998 0.0848125 0.086234375
1 0.8154999999999999 0.11070312499999999 0.1869375 0.191359375
1 0.950421875 0.10987499999999999 0.0855625 0.089609375
1 0.136328125 0.26646875 0.1008125 0.106640625
1 0.6949687499999999 0.44743750000000004 0.252875 0.2516875
1 0.72709375 0.299421875 0.0435 0.0390625
1 0.842609375 0.292734375 0.16607812500000002 0.167515625
1 0.8711874999999999 0.499375 0.102265625 0.10110937499999999
1 0.8194687500000001 0.60384375 0.040546874999999996 0.047281250000000004
1 0.880984375 0.5706875 0.042625 0.04353125
1 0.312125 0.343609375 0.106171875 0.11078125000000001
1 0.331515625 0.44725000000000004 0.09907812499999999 0.09696875
1 0.073140625 0.380109375 0.070375 0.071140625
1 0.117359375 0.44829687500000004 0.05034375 0.053171875
1 0.18742187500000002 0.529390625 0.115390625 0.11945312500000001
1 0.4046875 0.7112499999999999 0.24962499999999999 0.24957812499999998
1 0.07565625000000001 0.750046875 0.075390625 0.07690625
1 0.1231875 0.678328125 0.0536875 0.050249999999999996
1 0.194921875 0.8582656249999999 0.18878124999999998 0.189046875
1 0.542546875 0.6218125 0.079 0.074875
1 0.401578125 0.876828125 0.047343750000000004 0.046828125
1 0.691421875 0.675609375 0.1265 0.13240625
1 0.679953125 0.8332499999999999 0.116078125 0.113984375
1 0.7902812499999999 0.81678125 0.082265625 0.08521875
1 0.91996875 0.76171875 0.133109375 0.133625
1 0.6889375 0.9717499999999999 0.046421875 0.04896875