1 0.640953125 0.187921875 0.062265625000000005 0.067359375
1 0.44529687500000004 0.20299999999999999 0.22531249999999997 0.234734375
1 0.447484375 0.482609375 0.13092187500000002 0.12979687499999998
1 0.75565625 0.32840625 0.13796875 0.13973437500000002
1 0.695546875 0.48534375 0.176953125 0.1791875
1 0.294359375 0.72740625 0.241828125 0.24615625
1 0.104484375 0.748546875 0.1365 0.14460937499999998
1 0.51115625 0.9104531250000001 0.049671875 0.057843750000000006
1 0.761421875 0.715078125 0.067171875 0.07328124999999999
1 0.605 0.78175 0.18246875 0.19015625
1 0.871453125 0.8858750000000001 0.22684375 0.22825
1 0.86184375 0.68165625 0.112140625 0.11621875