1 0.5471874999999999 0.21078125 0.240765625 0.23785937499999998
1 0.5629062499999999 0.47435937499999997 0.221484375 0.222015625
1 0.658828125 0.30289062499999997 0.058078125 0.0658125
1 0.18996875 0.09790625 0.09473437500000001 0.08821875
1 0.316828125 0.13773437500000002 0.104859375 0.10190625
1 0.1623125 0.30085937500000004 0.09525 0.09828125
1 0.24884374999999997 0.279546875 0.050078124999999994 0.04553125
1 0.33128125 0.294 0.10840625 0.10995312500000001
1 0.81053125 0.376953125 0.22953125000000002 0.230171875
1 0.8354062499999999 0.2034375 0.11687499999999999 0.11659375000000001
1 0.800390625 0.074828125 0.057015625 0.05728124999999999
1 0.87346875 0.100953125 0.040749999999999995 0.043578125
1 0.48200000000000004 0.377734375 0.050515624999999995 0.054109375
1 0.7516875 0.68190625 0.050937500000000004 0.04840625
1 0.8036875 0.621765625 0.10928125 0.105765625
1 0.7767968749999999 0.518015625 0.053468749999999995 0.055578125
1 0.871921875 0.8194375 0.220375 0.22196875
1 0.10498437499999999 0.560171875 0.14296875 0.139890625
1 0.253140625 0.539625 0.11451562500000001 0.114015625
1 0.36706249999999996 0.613453125 0.124125 0.12464062499999999
1 0.15978125 0.738515625 0.21398437499999998 0.2174375
1 0.275984375 0.823515625 0.058687500000000004 0.057578125
1 0.31175 0.9272656250000001 0.058171875 0.05703125
1 0.37112500000000004 0.82453125 0.07134375 0.0738125
1 0.37898437500000004 0.739796875 0.09215625 0.093140625
1 0.48046875 0.885921875 0.112421875 0.11134375
1 0.580171875 0.731671875 0.17479687500000002 0.178375
1 0.6715 0.9001093750000001 0.144328125 0.149890625