1 0.20625 0.07303125 0.107078125 0.11059375
1 0.789265625 0.09714062500000001 0.123875 0.124078125
1 0.543453125 0.1861875 0.183703125 0.1865
1 0.39634375 0.270046875 0.17103125 0.17296875
1 0.92615625 0.06879687500000001 0.089125 0.09440625
1 0.76459375 0.184859375 0.074515625 0.071984375
1 0.201625 0.24132812499999998 0.190359375 0.188796875
1 0.461125 0.384234375 0.076921875 0.077390625
1 0.649671875 0.376703125 0.20720312500000002 0.21271874999999998
1 0.81953125 0.35203125 0.103421875 0.1016875
1 0.9334843749999999 0.288796875 0.11920312500000001 0.12176562500000002
1 0.079578125 0.43531250000000005 0.14296875 0.14484375
1 0.10137499999999999 0.6219375 0.043859375 0.039890625
1 0.10003124999999999 0.567765625 0.052734375 0.05109375000000001
1 0.26446875 0.569875 0.184953125 0.18256250000000002
1 0.43028125 0.5351874999999999 0.0769375 0.074625
1 0.879484375 0.59165625 0.23489062500000002 0.2376875
1 0.605328125 0.6361875 0.203359375 0.20721875
1 0.74009375 0.7877500000000001 0.18365625000000002 0.18640625
1 0.38940625 0.73109375 0.095453125 0.09621874999999999
1 0.37996875 0.9302343750000001 0.106640625 0.108078125
1 0.358171875 0.842125 0.07926562499999999 0.079203125
1 0.4175625 0.814765625 0.059203125 0.0599375
1 0.44840625 0.7711875 0.053015625 0.053015625
1 0.217046875 0.780625 0.190359375 0.19142187500000002
1 0.120265625 0.926375 0.058515625 0.058734375000000005
1 0.5405625 0.883765625 0.096953125 0.10078125
1 0.722171875 0.9374062500000001 0.07453125000000001 0.076921875
1 0.852890625 0.8917187500000001 0.11228125 0.11281250000000001
1 0.9043749999999999 0.9629687499999999 0.080265625 0.0740625