1 0.41392187500000005 0.128734375 0.19121875 0.19421875
1 0.6483125000000001 0.123875 0.0740625 0.075671875
1 0.907828125 0.154203125 0.07781249999999999 0.0819375
1 0.761203125 0.222890625 0.086390625 0.0895625
1 0.880625 0.328171875 0.178734375 0.1745625
1 0.222890625 0.228234375 0.089578125 0.091875
1 0.46775 0.364078125 0.152390625 0.15106250000000002
1 0.600421875 0.501109375 0.17915625 0.18560937500000002
1 0.7899375 0.49018750000000005 0.1740625 0.172140625
1 0.118265625 0.3379375 0.10909374999999999 0.11040625
1 0.234171875 0.5210625 0.174921875 0.175296875
1 0.065015625 0.832421875 0.10024999999999999 0.09907812499999999
1 0.164421875 0.969921875 0.06887499999999999 0.060171875
1 0.22149999999999997 0.8159062499999999 0.18725 0.191609375
1 0.40253125 0.75675 0.17679687500000002 0.177921875
1 0.6224999999999999 0.721140625 0.047546875 0.05228125
1 0.571109375 0.837703125 0.053578125 0.055234375
1 0.73575 0.7010156249999999 0.11499999999999999 0.11668750000000001
1 0.90934375 0.745171875 0.156640625 0.15478125