1 0.066515625 0.11239062500000001 0.10596874999999999 0.10601562499999999
1 0.307921875 0.109984375 0.082328125 0.088125
1 0.46178125000000003 0.10735937499999999 0.176125 0.17890625
1 0.369890625 0.41726562500000003 0.25865625 0.25734375
1 0.45568749999999997 0.2280625 0.069625 0.07540625
1 0.762546875 0.159734375 0.218828125 0.222546875
1 0.348515625 0.22565624999999997 0.12857812500000002 0.11862500000000001
1 0.249640625 0.27978125 0.074921875 0.06971875
1 0.15753124999999998 0.283703125 0.10900000000000001 0.112484375
1 0.524 0.33653125 0.0604375 0.060953125
1 0.082875 0.470296875 0.151796875 0.14951562499999999
1 0.749234375 0.364890625 0.109265625 0.10896874999999999
1 0.9192656250000001 0.52684375 0.069484375 0.07484375
1 0.8948281250000001 0.43451562499999996 0.05553125 0.060484375
1 0.301359375 0.6425468750000001 0.165265625 0.166546875
1 0.10514062500000002 0.7735000000000001 0.178859375 0.183953125
1 0.27932812500000004 0.8208593750000001 0.07315625 0.0735
1 0.39565625 0.82675 0.08317187499999999 0.08965625
1 0.546921875 0.6229218750000001 0.05825 0.057437499999999996
1 0.642953125 0.675734375 0.05821875 0.058296875000000005
1 0.8190781250000001 0.6493125 0.152890625 0.14778125
1 0.21646875 0.9699843749999999 0.0435 0.044296875
1 0.278234375 0.9426875000000001 0.09281249999999999 0.090140625
1 0.5471250000000001 0.8551718749999999 0.1678125 0.1639375
1 0.755578125 0.785984375 0.10009375000000001 0.099796875
1 0.786125 0.944875 0.082625 0.085765625
1 0.810796875 0.832265625 0.049 0.052640624999999996
1 0.66303125 0.952953125 0.063453125 0.071359375
1 0.9338906250000001 0.884640625 0.12928125 0.13118749999999998