1 0.21995312500000003 0.083609375 0.16440625 0.16721875
1 0.10887500000000001 0.26751562500000003 0.097421875 0.10118750000000001
1 0.07484375 0.184140625 0.0641875 0.061125
1 0.10228124999999999 0.11870312499999999 0.087390625 0.088578125
1 0.253453125 0.5334375 0.25779687500000004 0.26359374999999996
1 0.155046875 0.34878125 0.10215624999999999 0.099046875
1 0.14345312500000001 0.2134375 0.049390625 0.051078124999999995
1 0.35609375 0.23525000000000001 0.25725 0.258328125
1 0.36929687499999997 0.059296875000000006 0.08309375 0.080578125
1 0.734734375 0.132359375 0.24921875 0.25309375
1 0.526296875 0.180390625 0.10679687499999999 0.106390625
1 0.57721875 0.13659375 0.045046875 0.05046874999999999
1 0.608625 0.043203124999999995 0.04978125 0.053671875
1 0.9713125 0.051109375 0.057374999999999995 0.058953124999999995
1 0.7244531249999999 0.40523437500000004 0.160046875 0.1655
1 0.785671875 0.30128125 0.050265625 0.052625
1 0.8503125 0.383859375 0.07926562499999999 0.07528125
1 0.860078125 0.305515625 0.061843749999999996 0.0610625
1 0.9518906250000001 0.26884375 0.044937500000000005 0.04578125
1 0.961921875 0.20835937499999999 0.075546875 0.071546875
1 0.5764218750000001 0.29890625000000004 0.090953125 0.095375
1 0.91890625 0.470140625 0.0686875 0.063109375
1 0.9642968749999999 0.41764062500000004 0.064453125 0.0689375
1 0.06296874999999999 0.560640625 0.056281250000000005 0.059375
1 0.105453125 0.46539062500000006 0.051515624999999995 0.053609375
1 0.10570312500000001 0.8501093750000001 0.21140625000000002 0.22135937499999997
1 0.11284374999999999 0.6830625 0.07684375 0.071984375
1 0.09226562499999999 0.626328125 0.056796875000000004 0.058812500000000004
1 0.4648125 0.506546875 0.1305625 0.13590625
1 0.528671875 0.42159375 0.074609375 0.071578125
1 0.600703125 0.550078125 0.150046875 0.15435937500000002
1 0.810984375 0.579421875 0.17479687500000002 0.17609375
1 0.8648125 0.8197656249999999 0.219109375 0.22928125000000002
1 0.938328125 0.6609375 0.12334375 0.1333125
1 0.334484375 0.8327031249999999 0.045109375 0.04934375
1 0.42867187500000004 0.7873125 0.15432812499999998 0.1485625
1 0.3766875 0.678625 0.118984375 0.11695312499999999
1 0.469828125 0.7015781249999999 0.05721875 0.056265625
1 0.46957812499999996 0.650671875 0.040859374999999996 0.044140625
1 0.504921875 0.6749375 0.048234375 0.05046874999999999
1 0.58434375 0.7179375 0.149 0.152296875
1 0.69384375 0.69709375 0.056625 0.063125
1 0.7004374999999999 0.856984375 0.07509375 0.07678125
1 0.9281406249999999 0.9594374999999999 0.081875 0.081125
1 0.59384375 0.90684375 0.1574375 0.16065625
1 0.278015625 0.8379843749999999 0.048296875 0.04934375
1 0.304921875 0.96603125 0.070453125 0.0679375
1 0.389359375 0.8862656250000001 0.070421875 0.066734375