1 0.8522812500000001 0.21582812499999998 0.2348125 0.230625
1 0.9706093750000001 0.3126875 0.0469375 0.058359375000000005
1 0.603703125 0.219015625 0.103640625 0.10523437499999999
1 0.13459375 0.325359375 0.18525 0.1910625
1 0.440015625 0.38151562499999997 0.151984375 0.147234375
1 0.391953125 0.50446875 0.109546875 0.10034375
1 0.11459375000000001 0.536171875 0.125734375 0.12471874999999999
1 0.621015625 0.6620468749999999 0.172421875 0.1715
1 0.660546875 0.507390625 0.0855625 0.0866875
1 0.841546875 0.5103125000000001 0.203578125 0.197921875
1 0.8600937500000001 0.74990625 0.133328125 0.132546875
1 0.926203125 0.8355312500000001 0.09476562499999999 0.09396875
1 0.764703125 0.90821875 0.142625 0.14175
1 0.50978125 0.8911562500000001 0.08657812499999999 0.08809375
1 0.32487499999999997 0.843578125 0.107125 0.10518749999999999
1 0.17289062500000002 0.8167500000000001 0.0813125 0.080796875
1 0.1058125 0.9506718749999999 0.09840625 0.090015625
1 0.19046875000000002 0.9367656249999999 0.057890624999999994 0.06709375