1 0.38440625 0.153125 0.24706250000000002 0.24900000000000003
1 0.8202343750000001 0.32551562500000003 0.199078125 0.20437500000000003
1 0.496765625 0.443515625 0.054203125 0.050921875000000005
1 0.280265625 0.58821875 0.142 0.138578125
1 0.25025 0.470015625 0.074453125 0.071078125
1 0.600453125 0.64715625 0.10765625000000001 0.110984375
1 0.496765625 0.725484375 0.13865624999999998 0.13628125
1 0.568078125 0.8408906249999999 0.12175 0.12309375
1 0.30067187500000003 0.92415625 0.136828125 0.13478125000000002
1 0.915 0.8793593749999999 0.08834375 0.08742187500000001
1 0.756671875 0.5448906250000001 0.095421875 0.09226562499999999
1 0.85634375 0.6483125000000001 0.21501562500000002 0.21182812499999998
1 0.9497187500000001 0.511578125 0.06393750000000001 0.0650625