1 0.35025 0.0316875 0.055406250000000004 0.052640624999999996
1 0.257296875 0.113390625 0.15740625 0.162375
1 0.179234375 0.40049999999999997 0.19646875 0.2046875
1 0.168265625 0.22999999999999998 0.062296874999999995 0.06378125
1 0.7919375 0.20856249999999998 0.2208125 0.220984375
1 0.8705937499999999 0.056078125 0.09575 0.09165625
1 0.6371249999999999 0.13559375 0.12168749999999999 0.123828125
1 0.425125 0.2595 0.21004687500000002 0.215484375
1 0.59321875 0.2726875 0.12168749999999999 0.124734375
1 0.49028124999999995 0.476125 0.0426875 0.043671875
1 0.29634375 0.5593125 0.0851875 0.08803125
1 0.44904687499999996 0.7203593749999999 0.052937500000000005 0.058796875000000005
1 0.34121875 0.831328125 0.159328125 0.15875
1 0.7351875 0.6935156250000001 0.142140625 0.141734375
1 0.793265625 0.601078125 0.043578125 0.049578125
1 0.862296875 0.540328125 0.088921875 0.089109375
1 0.5844375 0.793765625 0.18025 0.18121875
1 0.47515625000000006 0.884328125 0.070984375 0.0744375
1 0.8042343750000001 0.8889687500000001 0.0743125 0.078828125