1 0.138109375 0.207859375 0.171234375 0.16759375
1 0.17281249999999998 0.081875 0.084484375 0.0848125
1 0.336765625 0.07884375 0.143421875 0.148140625
1 0.730375 0.17446875 0.206203125 0.213578125
1 0.8355625 0.066703125 0.101640625 0.1065
1 0.515890625 0.348859375 0.172 0.180640625
1 0.7455625 0.439734375 0.141140625 0.141140625
1 0.084984375 0.442828125 0.06065625 0.0605625
1 0.23504687500000002 0.5130625 0.187265625 0.19237500000000002
1 0.548203125 0.5809375 0.197578125 0.20231249999999998
1 0.819734375 0.58115625 0.20270312499999998 0.20709375
1 0.426765625 0.622375 0.076171875 0.081296875
1 0.088453125 0.586375 0.145671875 0.14810937500000002
1 0.038140625 0.690296875 0.07628125 0.08265625
1 0.0361875 0.9665781250000001 0.054156249999999996 0.053921874999999994
1 0.04290625 0.8973906250000001 0.080625 0.0760625
1 0.286234375 0.7906875 0.12478125 0.131625
1 0.193859375 0.8631249999999999 0.087515625 0.08562499999999999
1 0.326359375 0.897 0.08790624999999999 0.092640625
1 0.4150625 0.8573124999999999 0.11346875000000001 0.12171875000000001
1 0.49182812499999995 0.80115625 0.041453125 0.0484375
1 0.5365 0.892453125 0.078734375 0.079203125
1 0.7850312500000001 0.8462500000000001 0.168015625 0.173328125
1 0.9372812500000001 0.8319375000000001 0.116796875 0.11868749999999999