1 0.029031249999999998 0.027953125000000002 0.051484375000000006 0.0548125
1 0.095984375 0.25789062500000004 0.0975625 0.09753125
1 0.163484375 0.189015625 0.08985937499999999 0.08603125
1 0.16568750000000002 0.0803125 0.05034375 0.055234375
1 0.3596875 0.221390625 0.19132812500000002 0.194671875
1 0.5021093750000001 0.147859375 0.053531249999999996 0.058609375
1 0.69034375 0.12865625 0.133609375 0.1409375
1 0.881875 0.157453125 0.220265625 0.225984375
1 0.562484375 0.286703125 0.12815625 0.127703125
1 0.688421875 0.497421875 0.234046875 0.24175
1 0.647546875 0.30153125 0.048 0.0475625
1 0.06415625 0.42718749999999994 0.08878125 0.09031249999999999
1 0.1075 0.798203125 0.20842187499999998 0.21759374999999997
1 0.09406250000000001 0.616515625 0.07725 0.08475
1 0.10037499999999999 0.5073125 0.095359375 0.096875
1 0.2584375 0.41484375 0.152390625 0.158921875
1 0.423359375 0.365734375 0.099109375 0.09912499999999999
1 0.477953125 0.61075 0.21818749999999998 0.22140624999999997
1 0.49278125 0.4411875 0.07878125 0.079890625
1 0.8275625 0.38384375 0.100640625 0.10240625
1 0.9343125000000001 0.38465625000000003 0.05615625 0.065640625
1 0.8780468750000001 0.54215625 0.131359375 0.128140625
1 0.2683125 0.621453125 0.14581249999999998 0.14950000000000002
1 0.344875 0.816609375 0.084859375 0.084234375
1 0.35557812499999997 0.746375 0.06565625 0.064515625
1 0.364359375 0.898375 0.05248437500000001 0.050171875
1 0.44201562499999997 0.877515625 0.11446875000000001 0.118234375
1 0.569890625 0.811671875 0.11773437499999999 0.118265625
1 0.7331562500000001 0.7600781249999999 0.118234375 0.113890625
1 0.87475 0.70821875 0.085265625 0.08153125
1 0.9559843750000001 0.741421875 0.08304687499999999 0.0875625
1 0.689265625 0.881640625 0.050187499999999996 0.055125
1 0.842921875 0.8827343750000001 0.07648437500000001 0.07926562499999999