0 0.05641579731743666 0.4380155210643015 0.0333532041728763 0.6875720620842573
6 0.12490312965722802 0.6046119733924612 0.04911326378539493 0.33165188470066514
6 0.19954545454545455 0.6255764966740577 0.048315946348733235 0.28789356984478937
6 0.27603576751117737 0.5613414634146341 0.04947839046199702 0.4190687361419069
6 0.35105067064083456 0.5710643015521064 0.047682563338301044 0.39697339246119734
6 0.42629657228017886 0.5603547671840354 0.04983606557377049 0.41967849223946785
6 0.5011698956780924 0.5376274944567627 0.04950074515648287 0.4624944567627495
6 0.5759761549925485 0.48246119733924614 0.050782414307004475 0.5754545454545454
6 0.6519150521609538 0.49314855875831487 0.04908345752608048 0.5526940133037693
6 0.7275335320417288 0.5280266075388026 0.04849478390461997 0.48484478935698444
6 0.8025633383010432 0.4834478935698448 0.04847988077496274 0.5722283813747228
6 0.8775633383010433 0.5056651884700666 0.04839046199701937 0.5284035476718404
6 0.9528464977645306 0.4707317073170732 0.0474441132637854 0.5961419068736142